object={
	name="baobab_generator_3_0"
	clamp_to_water_level=no
	render_under_water=no
	generated_content=yes
	layer="semidynamic_high"
	pdxmesh="tree_baobab_01_mesh"
	count=52
	transform="5694.095703 0.000000 1048.264893 0.000000 0.654082 0.000000 0.756424 0.244556 0.244556 0.244556
5695.974609 0.000000 1048.250122 0.000000 0.394207 0.000000 0.919021 0.237829 0.237829 0.237829
5692.166992 0.000000 1063.299927 0.000000 0.686519 0.000000 0.727112 0.284491 0.284491 0.284491
5693.388184 0.000000 1056.533691 0.000000 0.052979 0.000000 0.998596 0.299539 0.299539 0.299539
5692.497559 0.000000 1059.901733 0.000000 0.667848 0.000000 0.744298 0.316785 0.316785 0.316785
5701.141602 0.000000 1042.224976 0.000000 0.264297 0.000000 0.964441 0.209606 0.209606 0.209606
5713.033691 0.000000 1056.679565 0.000000 0.607856 0.000000 0.794047 0.213371 0.213371 0.213371
5708.080078 0.000000 1048.007568 0.000000 0.546901 0.000000 0.837198 0.213226 0.213226 0.213226
5717.917480 0.000000 1060.980957 0.000000 0.207019 0.000000 0.978337 0.202899 0.202899 0.202899
5704.280273 0.000000 1050.949707 0.000000 0.068263 0.000000 0.997667 0.212249 0.212249 0.212249
5721.935547 0.000000 1057.121338 0.000000 0.008168 0.000000 0.999967 0.216624 0.216624 0.216624
5698.657715 0.000000 1061.481079 0.000000 0.268897 0.000000 0.963169 0.222925 0.222925 0.222925
5718.383789 0.000000 1063.730591 0.000000 0.340642 0.000000 0.940193 0.242168 0.242168 0.242168
5713.977051 0.000000 1046.187988 0.000000 0.563421 0.000000 0.826170 0.262548 0.262548 0.262548
5700.470703 0.000000 1051.707886 0.000000 0.294343 0.000000 0.955700 0.266524 0.266524 0.266524
5718.176758 0.000000 1054.141724 0.000000 0.009227 0.000000 0.999957 0.293074 0.293074 0.293074
5703.767090 0.000000 1042.721558 0.000000 0.089598 0.000000 0.995978 0.264033 0.264033 0.264033
5724.939453 0.000000 1060.331543 0.000000 0.537850 0.000000 0.843041 0.285119 0.285119 0.285119
5704.698730 0.000000 1048.183716 0.000000 0.662914 0.000000 0.748696 0.323647 0.323647 0.323647
5707.251465 0.000000 1061.649780 0.000000 0.553675 0.000000 0.832733 0.336864 0.336864 0.336864
5700.163086 0.000000 1068.501709 0.000000 0.400624 0.000000 0.916243 0.321613 0.321613 0.321613
5705.360840 0.000000 1064.728394 0.000000 0.058826 0.000000 0.998268 0.284232 0.284232 0.284232
5697.447266 0.000000 1048.340698 0.000000 0.585201 0.000000 0.810888 0.332574 0.332574 0.332574
5705.627441 0.000000 1047.927246 0.000000 0.306881 0.000000 0.951748 0.303829 0.303829 0.303829
5725.107422 0.000000 1058.174561 0.000000 0.632109 0.000000 0.774879 0.342013 0.342013 0.342013
5700.944824 0.000000 1072.002930 0.000000 0.682644 0.000000 0.730751 0.337401 0.337401 0.337401
5698.305176 0.000000 1071.022095 0.000000 0.219728 0.000000 0.975561 0.300966 0.300966 0.300966
5701.330078 0.000000 1055.787842 0.000000 0.191228 0.000000 0.981546 0.305023 0.305023 0.305023
5696.034180 0.000000 1072.650513 0.000000 0.273949 0.000000 0.961744 0.309271 0.309271 0.309271
5698.373535 0.000000 1071.943604 0.000000 0.413523 0.000000 0.910494 0.315997 0.315997 0.315997
5691.100586 0.000000 1083.295898 0.000000 0.673837 0.000000 0.738880 0.192631 0.192631 0.192631
5691.529785 0.000000 1073.850098 0.000000 0.405682 0.000000 0.914014 0.200298 0.200298 0.200298
5693.505859 0.000000 1081.279541 0.000000 0.009215 0.000000 0.999958 0.238331 0.238331 0.238331
5687.961426 0.000000 1074.895752 0.000000 0.371224 0.000000 0.928543 0.271493 0.271493 0.271493
5692.196777 0.000000 1082.973022 0.000000 0.171769 0.000000 0.985137 0.263645 0.263645 0.263645
5695.554199 0.000000 1081.531006 0.000000 0.628474 0.000000 0.777831 0.331917 0.331917 0.331917
5694.448730 0.000000 1073.728149 0.000000 0.409299 0.000000 0.912400 0.314509 0.314509 0.314509
5694.515625 0.000000 1081.050171 0.000000 0.291374 0.000000 0.956609 0.302587 0.302587 0.302587
5695.628906 0.000000 1074.507080 0.000000 0.058089 0.000000 0.998311 0.284440 0.284440 0.284440
5687.095703 0.000000 1079.463135 0.000000 0.491289 0.000000 0.870997 0.319040 0.319040 0.319040
5694.365234 0.000000 1082.850586 0.000000 0.369087 0.000000 0.929395 0.316621 0.316621 0.316621
5702.070312 0.000000 1080.243042 0.000000 0.520841 0.000000 0.853653 0.208251 0.208251 0.208251
5702.510254 0.000000 1089.803589 0.000000 0.321038 0.000000 0.947066 0.266737 0.266737 0.266737
5700.220703 0.000000 1090.557861 0.000000 0.065577 0.000000 0.997847 0.254115 0.254115 0.254115
5705.798340 0.000000 1078.576660 0.000000 0.613798 0.000000 0.789463 0.262607 0.262607 0.262607
5705.453613 0.000000 1085.873413 0.000000 0.463972 0.000000 0.885850 0.273471 0.273471 0.273471
5697.302734 0.000000 1077.756348 0.000000 0.082852 0.000000 0.996562 0.286337 0.286337 0.286337
5696.672852 0.000000 1073.882568 0.000000 0.368972 0.000000 0.929441 0.316315 0.316315 0.316315
5699.834473 0.000000 1076.212646 0.000000 0.509637 0.000000 0.860389 0.320853 0.320853 0.320853
5696.416016 0.000000 1075.706543 0.000000 0.523358 0.000000 0.852113 0.322077 0.322077 0.322077
5698.344238 0.000000 1077.057983 0.000000 0.111683 0.000000 0.993744 0.288550 0.288550 0.288550
5699.692871 0.000000 1077.025757 0.000000 0.240988 0.000000 0.970528 0.298593 0.298593 0.298593
"}
object={
	name="baobab_generator_3_1"
	clamp_to_water_level=no
	render_under_water=no
	generated_content=yes
	layer="semidynamic_high"
	pdxmesh="tree_baobab_02_mesh"
	count=40
	transform="5691.614258 0.000000 1065.725220 0.000000 0.801431 0.000000 0.598087 0.354704 0.354704 0.354704
5689.486328 0.000000 1068.717285 0.000000 0.833425 0.000000 0.552632 0.357755 0.357755 0.357755
5711.272949 0.000000 1038.637329 0.000000 0.757018 0.000000 0.653394 0.195111 0.195111 0.195111
5708.526855 0.000000 1039.764526 0.000000 0.836505 0.000000 0.547959 0.195005 0.195005 0.195005
5710.604980 0.000000 1064.295776 0.000000 0.985728 0.000000 0.168347 0.207644 0.207644 0.207644
5712.716797 0.000000 1048.816528 0.000000 0.964320 0.000000 0.264739 0.197525 0.197525 0.197525
5712.310547 0.000000 1064.314209 0.000000 0.915799 0.000000 0.401636 0.241040 0.241040 0.241040
5699.329590 0.000000 1052.147095 0.000000 0.825626 0.000000 0.564218 0.244390 0.244390 0.244390
5728.284180 0.000000 1058.907471 0.000000 0.970019 0.000000 0.243030 0.264277 0.264277 0.264277
5715.524902 0.000000 1053.652588 0.000000 0.972417 0.000000 0.233250 0.247545 0.247545 0.247545
5717.353516 0.000000 1052.608521 0.000000 0.995644 0.000000 0.093241 0.299559 0.299559 0.299559
5698.176270 0.000000 1054.651978 0.000000 0.999777 0.000000 0.021135 0.297394 0.297394 0.297394
5703.959473 0.000000 1065.977539 0.000000 0.922226 0.000000 0.386651 0.274883 0.274883 0.274883
5705.122070 0.000000 1063.780396 0.000000 0.735196 0.000000 0.677855 0.278001 0.278001 0.278001
5710.047363 0.000000 1043.916016 0.000000 0.915059 0.000000 0.403320 0.303202 0.303202 0.303202
5708.862793 0.000000 1061.381104 0.000000 0.995656 0.000000 0.093105 0.302838 0.302838 0.302838
5706.056641 0.000000 1040.365967 0.000000 0.995169 0.000000 0.098181 0.393739 0.393739 0.393739
5707.804688 0.000000 1051.212646 0.000000 0.998775 0.000000 0.049489 0.358332 0.358332 0.358332
5707.374512 0.000000 1048.749512 0.000000 0.998833 0.000000 0.048302 0.371611 0.371611 0.371611
5704.681152 0.000000 1038.105347 0.000000 0.988262 0.000000 0.152772 0.362739 0.362739 0.362739
5717.995605 0.000000 1057.224609 0.000000 0.946751 0.000000 0.321967 0.362402 0.362402 0.362402
5709.445801 0.000000 1050.245728 0.000000 0.714951 0.000000 0.699175 0.328191 0.328191 0.328191
5710.662598 0.000000 1071.606934 0.000000 0.996619 0.000000 0.082158 0.369773 0.369773 0.369773
5705.040527 0.000000 1046.166260 0.000000 0.880322 0.000000 0.474377 0.362242 0.362242 0.362242
5717.257324 0.000000 1059.517578 0.000000 0.994065 0.000000 0.108791 0.387690 0.387690 0.387690
5710.467773 0.000000 1052.200684 0.000000 0.783170 0.000000 0.621808 0.355437 0.355437 0.355437
5700.133301 0.000000 1054.687500 0.000000 0.983048 0.000000 0.183349 0.387295 0.387295 0.387295
5711.551758 0.000000 1052.707153 0.000000 0.774160 0.000000 0.632990 0.354483 0.354483 0.354483
5718.864258 0.000000 1058.744751 0.000000 0.944691 0.000000 0.327963 0.374473 0.374473 0.374473
5718.175293 0.000000 1058.155273 0.000000 0.801021 0.000000 0.598636 0.350970 0.350970 0.350970
5699.720215 0.000000 1070.913818 0.000000 0.990415 0.000000 0.138121 0.389830 0.389830 0.389830
5700.305176 0.000000 1070.405029 0.000000 0.744405 0.000000 0.667728 0.344144 0.344144 0.344144
5688.473633 0.000000 1081.333862 0.000000 0.800070 0.000000 0.599907 0.209337 0.209337 0.209337
5693.818848 0.000000 1074.568359 0.000000 0.866749 0.000000 0.498744 0.253863 0.253863 0.253863
5707.084961 0.000000 1083.581787 0.000000 0.970700 0.000000 0.240295 0.235709 0.235709 0.235709
5705.676758 0.000000 1087.879639 0.000000 0.842015 0.000000 0.539455 0.240091 0.240091 0.240091
5705.080078 0.000000 1083.053345 0.000000 0.936740 0.000000 0.350026 0.336162 0.336162 0.336162
5697.034668 0.000000 1080.218018 0.000000 0.765123 0.000000 0.643885 0.337164 0.337164 0.337164
5701.725586 0.000000 1075.703491 0.000000 0.945587 0.000000 0.325369 0.378571 0.378571 0.378571
5696.885254 0.000000 1076.389282 0.000000 0.973124 0.000000 0.230281 0.382249 0.382249 0.382249
"}
object={
	name="baobab_generator_3_2"
	clamp_to_water_level=no
	render_under_water=no
	generated_content=yes
	layer="semidynamic_high"
	pdxmesh="tree_baobab_03_mesh"
	count=37
	transform="5691.539551 0.000000 1069.253418 0.000000 0.852610 0.000000 -0.522548 0.303272 0.303272 0.303272
5692.731934 0.000000 1054.843994 0.000000 0.992242 0.000000 -0.124319 0.330844 0.330844 0.330844
5691.856934 0.000000 1062.451904 0.000000 0.868040 0.000000 -0.496494 0.436708 0.436708 0.436708
5694.648926 0.000000 1052.054688 0.000000 0.936900 0.000000 -0.349596 0.425054 0.425054 0.425054
5728.607910 0.000000 1055.809448 0.000000 0.999542 0.000000 -0.030250 0.224504 0.224504 0.224504
5712.905273 0.000000 1070.618164 0.000000 0.889808 0.000000 -0.456335 0.233025 0.233025 0.233025
5710.389648 0.000000 1054.503174 0.000000 0.979774 0.000000 -0.200109 0.248988 0.248988 0.248988
5713.862305 0.000000 1053.046143 0.000000 0.936474 0.000000 -0.350738 0.269926 0.269926 0.269926
5706.331055 0.000000 1062.055054 0.000000 0.717522 0.000000 -0.696536 0.288079 0.288079 0.288079
5701.041016 0.000000 1060.495239 0.000000 0.739303 0.000000 -0.673373 0.256030 0.256030 0.256030
5707.583008 0.000000 1063.663574 0.000000 0.734988 0.000000 -0.678080 0.287484 0.287484 0.287484
5711.586426 0.000000 1042.588013 0.000000 0.882001 0.000000 -0.471248 0.335944 0.335944 0.335944
5700.652344 0.000000 1053.994019 0.000000 0.995071 0.000000 -0.099166 0.406671 0.406671 0.406671
5720.939453 0.000000 1062.029907 0.000000 0.991351 0.000000 -0.131234 0.394271 0.394271 0.394271
5729.751465 0.000000 1056.695435 0.000000 0.999487 0.000000 -0.032041 0.356709 0.356709 0.356709
5714.954102 0.000000 1055.634521 0.000000 0.996996 0.000000 -0.077458 0.341650 0.341650 0.341650
5701.709473 0.000000 1069.548218 0.000000 0.988098 0.000000 -0.153826 0.410449 0.410449 0.410449
5719.120117 0.000000 1054.336548 0.000000 0.808197 0.000000 -0.588913 0.417962 0.417962 0.417962
5701.642578 0.000000 1059.734009 0.000000 0.907392 0.000000 -0.420285 0.389993 0.389993 0.389993
5699.990234 0.000000 1066.602783 0.000000 0.841081 0.000000 -0.540909 0.391773 0.391773 0.391773
5699.405762 0.000000 1072.400513 0.000000 0.875261 0.000000 -0.483651 0.438565 0.438565 0.438565
5706.929688 0.000000 1040.730835 0.000000 0.730994 0.000000 -0.682383 0.447811 0.447811 0.447811
5709.666504 0.000000 1073.137085 0.000000 0.733475 0.000000 -0.679716 0.450565 0.450565 0.450565
5704.206543 0.000000 1047.423706 0.000000 0.995393 0.000000 -0.095879 0.407336 0.407336 0.407336
5710.996094 0.000000 1053.894043 0.000000 0.752088 0.000000 -0.659062 0.447785 0.447785 0.447785
5697.706543 0.000000 1072.713623 0.000000 0.886869 0.000000 -0.462022 0.433693 0.433693 0.433693
5692.013184 0.000000 1088.067871 0.000000 0.924472 0.000000 -0.381249 0.203613 0.203613 0.203613
5694.333008 0.000000 1078.437988 0.000000 0.997358 0.000000 -0.072649 0.405555 0.405555 0.405555
5694.761719 0.000000 1074.496094 0.000000 0.748749 0.000000 -0.662854 0.455357 0.455357 0.455357
5698.500488 0.000000 1092.947144 0.000000 0.820534 0.000000 -0.571598 0.204177 0.204177 0.204177
5701.850586 0.000000 1090.981567 0.000000 0.953598 0.000000 -0.301084 0.311008 0.311008 0.311008
5703.536621 0.000000 1087.444336 0.000000 0.996086 0.000000 -0.088385 0.395214 0.395214 0.395214
5706.762695 0.000000 1078.292847 0.000000 0.948581 0.000000 -0.316534 0.396678 0.396678 0.396678
5698.271484 0.000000 1076.009399 0.000000 0.988736 0.000000 -0.149673 0.411477 0.411477 0.411477
5696.266602 0.000000 1079.281616 0.000000 0.861424 0.000000 -0.507886 0.440697 0.440697 0.440697
5700.067871 0.000000 1073.226562 0.000000 0.775176 0.000000 -0.631746 0.452239 0.452239 0.452239
5699.090332 0.000000 1075.772461 0.000000 0.778220 0.000000 -0.627992 0.451870 0.451870 0.451870
"}
object={
	name="baobab_generator_3_3"
	clamp_to_water_level=no
	render_under_water=no
	generated_content=yes
	layer="semidynamic_high"
	pdxmesh="tree_baobab_04_mesh"
	count=51
	transform="5691.000977 0.000000 1054.519775 0.000000 0.390242 0.000000 -0.920712 0.223872 0.223872 0.223872
5692.180664 0.000000 1050.821289 0.000000 0.631193 0.000000 -0.775626 0.236257 0.236257 0.236257
5694.710938 0.000000 1054.945190 0.000000 0.685037 0.000000 -0.728508 0.318845 0.318845 0.318845
5693.764648 0.000000 1054.374634 0.000000 0.031409 0.000000 -0.999507 0.385257 0.385257 0.385257
5693.234863 0.000000 1065.413696 0.000000 0.071520 0.000000 -0.997439 0.505549 0.505549 0.505549
5690.085938 0.000000 1063.793335 0.000000 0.516295 0.000000 -0.856411 0.472650 0.472650 0.472650
5688.794922 0.000000 1069.366333 0.000000 0.619441 0.000000 -0.785043 0.465135 0.465135 0.465135
5715.640625 0.000000 1042.030518 0.000000 0.305856 0.000000 -0.952078 0.211796 0.211796 0.211796
5707.263184 0.000000 1053.281128 0.000000 0.269300 0.000000 -0.963056 0.234950 0.234950 0.234950
5729.987305 0.000000 1054.332397 0.000000 0.493429 0.000000 -0.869786 0.238547 0.238547 0.238547
5704.953125 0.000000 1042.649414 0.000000 0.344955 0.000000 -0.938619 0.263001 0.263001 0.263001
5714.010742 0.000000 1067.251831 0.000000 0.571632 0.000000 -0.820510 0.265317 0.265317 0.265317
5706.583984 0.000000 1042.942749 0.000000 0.436242 0.000000 -0.899829 0.261292 0.261292 0.261292
5697.515137 0.000000 1045.903809 0.000000 0.348516 0.000000 -0.937303 0.356066 0.356066 0.356066
5719.105469 0.000000 1060.902100 0.000000 0.242664 0.000000 -0.970110 0.416754 0.416754 0.416754
5716.545898 0.000000 1048.879150 0.000000 0.375513 0.000000 -0.926817 0.380801 0.380801 0.380801
5717.654297 0.000000 1050.631592 0.000000 0.119646 0.000000 -0.992817 0.419361 0.419361 0.419361
5699.740234 0.000000 1044.291016 0.000000 0.198439 0.000000 -0.980113 0.428704 0.428704 0.428704
5707.538086 0.000000 1040.063721 0.000000 0.342207 0.000000 -0.939625 0.477765 0.477765 0.477765
5705.796387 0.000000 1049.213013 0.000000 0.652630 0.000000 -0.757677 0.412075 0.412075 0.412075
5698.473633 0.000000 1063.889404 0.000000 0.291620 0.000000 -0.956534 0.406408 0.406408 0.406408
5701.164062 0.000000 1062.145996 0.000000 0.216902 0.000000 -0.976193 0.400282 0.400282 0.400282
5697.989746 0.000000 1049.795898 0.000000 0.201471 0.000000 -0.979494 0.470122 0.470122 0.470122
5700.888184 0.000000 1057.651855 0.000000 0.069295 0.000000 -0.997596 0.488550 0.488550 0.488550
5701.456055 0.000000 1071.274658 0.000000 0.633710 0.000000 -0.773570 0.467567 0.467567 0.467567
5703.893555 0.000000 1044.671631 0.000000 0.523239 0.000000 -0.852186 0.477934 0.477934 0.477934
5720.083984 0.000000 1062.381714 0.000000 0.024922 0.000000 -0.999689 0.477184 0.477184 0.477184
5708.309082 0.000000 1050.066650 0.000000 0.053276 0.000000 -0.998580 0.447881 0.447881 0.447881
5701.481934 0.000000 1053.504761 0.000000 0.060505 0.000000 -0.998168 0.501424 0.501424 0.501424
5713.103516 0.000000 1066.801025 0.000000 0.033023 0.000000 -0.999455 0.503272 0.503272 0.503272
5713.305664 0.000000 1067.744019 0.000000 0.094801 0.000000 -0.995496 0.499114 0.499114 0.499114
5705.770020 0.000000 1046.695679 0.000000 0.448859 0.000000 -0.893602 0.484439 0.484439 0.484439
5701.196289 0.000000 1072.796387 0.000000 0.637874 0.000000 -0.770141 0.467155 0.467155 0.467155
5702.469727 0.000000 1044.550049 0.000000 0.419543 0.000000 -0.907736 0.486926 0.486926 0.486926
5699.962402 0.000000 1071.841797 0.000000 0.156915 0.000000 -0.987612 0.503729 0.503729 0.503729
5702.103516 0.000000 1068.129395 0.000000 0.030902 0.000000 -0.999522 0.517639 0.517639 0.517639
5703.848145 0.000000 1068.167480 0.000000 0.615546 0.000000 -0.788101 0.469345 0.469345 0.469345
5693.552246 0.000000 1082.516479 0.000000 0.153764 0.000000 -0.988108 0.359949 0.359949 0.359949
5695.976562 0.000000 1079.197021 0.000000 0.191925 0.000000 -0.981409 0.505246 0.505246 0.505246
5692.331543 0.000000 1085.624023 0.000000 0.459928 0.000000 -0.887956 0.469848 0.469848 0.469848
5695.875000 0.000000 1075.596924 0.000000 0.002222 0.000000 -0.999998 0.519830 0.519830 0.519830
5695.648438 0.000000 1082.365601 0.000000 0.269334 0.000000 -0.963047 0.490741 0.490741 0.490741
5708.241699 0.000000 1075.467896 0.000000 0.511152 0.000000 -0.859490 0.269376 0.269376 0.269376
5704.904785 0.000000 1079.482788 0.000000 0.689398 0.000000 -0.724383 0.310523 0.310523 0.310523
5698.773438 0.000000 1079.244507 0.000000 0.329581 0.000000 -0.944127 0.350718 0.350718 0.350718
5707.238281 0.000000 1079.344238 0.000000 0.230101 0.000000 -0.973167 0.453383 0.453383 0.453383
5708.067383 0.000000 1073.290161 0.000000 0.083639 0.000000 -0.996496 0.500609 0.500609 0.500609
5696.444336 0.000000 1077.369873 0.000000 0.408516 0.000000 -0.912751 0.487851 0.487851 0.487851
5697.423828 0.000000 1074.637329 0.000000 0.473903 0.000000 -0.880577 0.482283 0.482283 0.482283
5699.030273 0.000000 1077.511353 0.000000 0.068211 0.000000 -0.997671 0.514785 0.514785 0.514785
5697.634766 0.000000 1078.481934 0.000000 0.388561 0.000000 -0.921423 0.489513 0.489513 0.489513
"}
