object={
	name="baobab_generator_1_0"
	clamp_to_water_level=no
	render_under_water=no
	generated_content=yes
	layer="semidynamic"
	pdxmesh="tree_baobab_01_mesh"
	count=13
	transform="5690.305176 0.000000 1060.700195 0.000000 0.419023 0.000000 0.907976 0.309171 0.309171 0.309171
5689.384766 0.000000 1072.970459 0.000000 0.276105 0.000000 0.961128 0.287157 0.287157 0.287157
5688.427734 0.000000 1068.589722 0.000000 0.360552 0.000000 0.932739 0.313280 0.313280 0.313280
5718.478027 0.000000 1051.612061 0.000000 0.297771 0.000000 0.954637 0.287485 0.287485 0.287485
5717.208496 0.000000 1056.598022 0.000000 0.492858 0.000000 0.870109 0.321228 0.321228 0.321228
5705.063965 0.000000 1047.180786 0.000000 0.036771 0.000000 0.999324 0.282810 0.282810 0.282810
5727.334473 0.000000 1057.704224 0.000000 0.059106 0.000000 0.998252 0.272149 0.272149 0.272149
5707.406250 0.000000 1049.789551 0.000000 0.652517 0.000000 0.757774 0.327633 0.327633 0.327633
5701.729492 0.000000 1058.747559 0.000000 0.368788 0.000000 0.929514 0.305659 0.305659 0.305659
5718.604004 0.000000 1055.248413 0.000000 0.566616 0.000000 0.823982 0.326880 0.326880 0.326880
5699.094727 0.000000 1071.502930 0.000000 0.502427 0.000000 0.864620 0.323343 0.323343 0.323343
5699.916016 0.000000 1077.816162 0.000000 0.302673 0.000000 0.953095 0.303491 0.303491 0.303491
5697.323730 0.000000 1079.260498 0.000000 0.036349 0.000000 0.999339 0.282777 0.282777 0.282777
"}
object={
	name="baobab_generator_1_1"
	clamp_to_water_level=no
	render_under_water=no
	generated_content=yes
	layer="semidynamic"
	pdxmesh="tree_baobab_02_mesh"
	count=14
	transform="5695.976562 0.000000 1067.334106 0.000000 0.925409 0.000000 0.378969 0.341529 0.341529 0.341529
5691.305664 0.000000 1066.497803 0.000000 0.965054 0.000000 0.262051 0.353762 0.353762 0.353762
5700.755371 0.000000 1044.591431 0.000000 0.966980 0.000000 0.254854 0.339824 0.339824 0.339824
5714.230469 0.000000 1054.754272 0.000000 0.928039 0.000000 0.372483 0.322254 0.322254 0.322254
5721.916992 0.000000 1061.484985 0.000000 0.995316 0.000000 0.096678 0.340802 0.340802 0.340802
5712.244141 0.000000 1045.916626 0.000000 0.983162 0.000000 0.182738 0.356931 0.356931 0.356931
5711.870117 0.000000 1053.541626 0.000000 0.844564 0.000000 0.535454 0.362476 0.362476 0.362476
5718.025391 0.000000 1059.012817 0.000000 0.991983 0.000000 0.126374 0.390320 0.390320 0.390320
5702.164062 0.000000 1045.288452 0.000000 0.868012 0.000000 0.496543 0.360305 0.360305 0.360305
5700.298828 0.000000 1072.617188 0.000000 0.962080 0.000000 0.272767 0.378895 0.378895 0.378895
5686.385254 0.000000 1077.112183 0.000000 0.854061 0.000000 0.520173 0.358951 0.358951 0.358951
5694.905762 0.000000 1079.013428 0.000000 0.995014 0.000000 0.099734 0.392368 0.392368 0.392368
5699.050781 0.000000 1076.597412 0.000000 0.996865 0.000000 0.079122 0.393949 0.393949 0.393949
5697.598145 0.000000 1076.768921 0.000000 0.908226 0.000000 0.418480 0.367015 0.367015 0.367015
"}
object={
	name="baobab_generator_1_2"
	clamp_to_water_level=no
	render_under_water=no
	generated_content=yes
	layer="semidynamic"
	pdxmesh="tree_baobab_03_mesh"
	count=10
	transform="5692.008301 0.000000 1058.995972 0.000000 0.773753 0.000000 -0.633487 0.390634 0.390634 0.390634
5692.454590 0.000000 1057.057861 0.000000 0.936036 0.000000 -0.351903 0.412714 0.412714 0.412714
5693.587402 0.000000 1064.616577 0.000000 0.967309 0.000000 -0.253599 0.418051 0.418051 0.418051
5703.437500 0.000000 1071.762329 0.000000 0.999095 0.000000 -0.042533 0.356074 0.356074 0.356074
5706.329590 0.000000 1041.423340 0.000000 0.973733 0.000000 -0.227691 0.414624 0.414624 0.414624
5698.627930 0.000000 1045.425903 0.000000 0.978580 0.000000 -0.205866 0.371056 0.371056 0.371056
5701.809082 0.000000 1072.201904 0.000000 0.994845 0.000000 -0.101408 0.407760 0.407760 0.407760
5695.416504 0.000000 1080.428101 0.000000 0.731202 0.000000 -0.682161 0.457350 0.457350 0.457350
5699.498047 0.000000 1073.960693 0.000000 0.781724 0.000000 -0.623624 0.451442 0.451442 0.451442
5697.657715 0.000000 1073.706909 0.000000 0.778649 0.000000 -0.627459 0.447584 0.447584 0.447584
"}
object={
	name="baobab_generator_1_3"
	clamp_to_water_level=no
	render_under_water=no
	generated_content=yes
	layer="semidynamic"
	pdxmesh="tree_baobab_04_mesh"
	count=12
	transform="5689.072754 0.000000 1066.835815 0.000000 0.358341 0.000000 -0.933591 0.437893 0.437893 0.437893
5700.032715 0.000000 1048.330322 0.000000 0.563552 0.000000 -0.826080 0.429920 0.429920 0.429920
5699.510742 0.000000 1063.646729 0.000000 0.184167 0.000000 -0.982895 0.411440 0.411440 0.411440
5704.173828 0.000000 1038.985107 0.000000 0.217401 0.000000 -0.976082 0.442515 0.442515 0.442515
5716.436035 0.000000 1058.990601 0.000000 0.631799 0.000000 -0.775132 0.448979 0.448979 0.448979
5703.143066 0.000000 1044.103271 0.000000 0.071489 0.000000 -0.997441 0.514534 0.514534 0.514534
5712.425781 0.000000 1067.421753 0.000000 0.461037 0.000000 -0.887381 0.473311 0.473311 0.473311
5703.754395 0.000000 1046.685059 0.000000 0.508262 0.000000 -0.861203 0.479269 0.479269 0.479269
5695.462891 0.000000 1073.553101 0.000000 0.032909 0.000000 -0.999458 0.514414 0.514414 0.514414
5696.098633 0.000000 1080.152100 0.000000 0.300111 0.000000 -0.953904 0.444454 0.444454 0.444454
5702.330566 0.000000 1085.299927 0.000000 0.696704 0.000000 -0.717359 0.380594 0.380594 0.380594
5696.523438 0.000000 1074.859131 0.000000 0.022852 0.000000 -0.999739 0.518254 0.518254 0.518254
"}
