object={
	name="baobab_generator_2_0"
	clamp_to_water_level=no
	render_under_water=no
	generated_content=yes
	layer="semidynamic_medium"
	pdxmesh="tree_baobab_01_mesh"
	count=31
	transform="5693.125000 0.000000 1069.197998 0.000000 0.660994 0.000000 0.750391 0.228327 0.228327 0.228327
5691.628418 0.000000 1060.394287 0.000000 0.228083 0.000000 0.973642 0.298608 0.298608 0.298608
5711.130859 0.000000 1056.090576 0.000000 0.027923 0.000000 0.999610 0.186711 0.186711 0.186711
5722.979980 0.000000 1058.551514 0.000000 0.444200 0.000000 0.895928 0.238197 0.238197 0.238197
5703.979980 0.000000 1058.854004 0.000000 0.528244 0.000000 0.849093 0.209278 0.209278 0.209278
5705.641113 0.000000 1069.906616 0.000000 0.326126 0.000000 0.945326 0.234626 0.234626 0.234626
5710.875488 0.000000 1061.480835 0.000000 0.427635 0.000000 0.903952 0.189713 0.189713 0.189713
5718.628418 0.000000 1046.745972 0.000000 0.405951 0.000000 0.913895 0.191274 0.191274 0.191274
5721.681152 0.000000 1050.496216 0.000000 0.454573 0.000000 0.890709 0.200036 0.200036 0.200036
5705.604492 0.000000 1044.173096 0.000000 0.255498 0.000000 0.966810 0.250651 0.250651 0.250651
5707.616211 0.000000 1046.059937 0.000000 0.324456 0.000000 0.945901 0.231356 0.231356 0.231356
5729.910645 0.000000 1059.041626 0.000000 0.625958 0.000000 0.779857 0.249075 0.249075 0.249075
5698.311035 0.000000 1053.329834 0.000000 0.627913 0.000000 0.778283 0.238443 0.238443 0.238443
5715.576660 0.000000 1052.170410 0.000000 0.154544 0.000000 0.987986 0.224703 0.224703 0.224703
5711.228516 0.000000 1043.730957 0.000000 0.656926 0.000000 0.753955 0.287336 0.287336 0.287336
5700.483887 0.000000 1046.467407 0.000000 0.297626 0.000000 0.954683 0.292111 0.292111 0.292111
5706.780273 0.000000 1051.502563 0.000000 0.120528 0.000000 0.992710 0.288954 0.288954 0.288954
5712.583984 0.000000 1055.074829 0.000000 0.531262 0.000000 0.847208 0.309976 0.309976 0.309976
5724.231934 0.000000 1058.321533 0.000000 0.705921 0.000000 0.708290 0.348518 0.348518 0.348518
5696.860352 0.000000 1072.560303 0.000000 0.159936 0.000000 0.987127 0.301072 0.301072 0.301072
5701.351562 0.000000 1068.351807 0.000000 0.513458 0.000000 0.858115 0.330206 0.330206 0.330206
5693.512207 0.000000 1073.229248 0.000000 0.096078 0.000000 0.995374 0.221269 0.221269 0.221269
5695.273438 0.000000 1084.594238 0.000000 0.519282 0.000000 0.854603 0.225253 0.225253 0.225253
5687.353516 0.000000 1080.346924 0.000000 0.385111 0.000000 0.922870 0.290841 0.290841 0.290841
5686.041992 0.000000 1073.245483 0.000000 0.461339 0.000000 0.887224 0.307428 0.307428 0.307428
5694.358398 0.000000 1080.074829 0.000000 0.510735 0.000000 0.859738 0.320950 0.320950 0.320950
5707.929688 0.000000 1085.208984 0.000000 0.576237 0.000000 0.817283 0.196068 0.196068 0.196068
5702.424805 0.000000 1093.563232 0.000000 0.472879 0.000000 0.881128 0.194786 0.194786 0.194786
5704.667480 0.000000 1077.982300 0.000000 0.518183 0.000000 0.855270 0.210932 0.210932 0.210932
5706.256348 0.000000 1077.433838 0.000000 0.644762 0.000000 0.764383 0.314508 0.314508 0.314508
5701.937500 0.000000 1073.703003 0.000000 0.438306 0.000000 0.898826 0.314661 0.314661 0.314661
"}
object={
	name="baobab_generator_2_1"
	clamp_to_water_level=no
	render_under_water=no
	generated_content=yes
	layer="semidynamic_medium"
	pdxmesh="tree_baobab_02_mesh"
	count=35
	transform="5695.487305 0.000000 1046.946411 0.000000 0.748537 0.000000 0.663094 0.211240 0.211240 0.211240
5691.981445 0.000000 1071.937988 0.000000 0.972317 0.000000 0.233667 0.251786 0.251786 0.251786
5695.163574 0.000000 1049.393311 0.000000 0.992620 0.000000 0.121270 0.260648 0.260648 0.260648
5695.246094 0.000000 1052.728271 0.000000 0.714042 0.000000 0.700103 0.345593 0.345593 0.345593
5703.671387 0.000000 1041.575317 0.000000 0.941156 0.000000 0.337972 0.232955 0.232955 0.232955
5710.007324 0.000000 1047.609009 0.000000 0.953544 0.000000 0.301253 0.209307 0.209307 0.209307
5696.254883 0.000000 1063.859619 0.000000 0.908124 0.000000 0.418701 0.217138 0.217138 0.217138
5706.351562 0.000000 1037.597656 0.000000 0.975969 0.000000 0.217908 0.198190 0.198190 0.198190
5699.505371 0.000000 1060.144897 0.000000 0.972784 0.000000 0.231714 0.242253 0.242253 0.242253
5709.506836 0.000000 1052.533203 0.000000 0.795202 0.000000 0.606345 0.277240 0.277240 0.277240
5730.735840 0.000000 1056.371826 0.000000 0.919395 0.000000 0.393336 0.214399 0.214399 0.214399
5702.724121 0.000000 1050.226196 0.000000 0.789591 0.000000 0.613633 0.232575 0.232575 0.232575
5716.984863 0.000000 1053.916748 0.000000 0.984741 0.000000 0.174026 0.296973 0.296973 0.296973
5723.698730 0.000000 1063.218140 0.000000 0.915575 0.000000 0.402148 0.234890 0.234890 0.234890
5704.309570 0.000000 1045.511963 0.000000 0.744331 0.000000 0.667811 0.266674 0.266674 0.266674
5708.773926 0.000000 1050.902832 0.000000 0.995272 0.000000 0.097123 0.363547 0.363547 0.363547
5726.924805 0.000000 1056.023560 0.000000 0.713638 0.000000 0.700515 0.302193 0.302193 0.302193
5719.955566 0.000000 1050.509277 0.000000 0.736767 0.000000 0.676147 0.310443 0.310443 0.310443
5712.399414 0.000000 1044.439453 0.000000 0.828831 0.000000 0.559500 0.335835 0.335835 0.335835
5710.689941 0.000000 1053.063110 0.000000 0.998949 0.000000 0.045834 0.396955 0.396955 0.396955
5709.130371 0.000000 1058.894897 0.000000 0.943185 0.000000 0.332267 0.376485 0.376485 0.376485
5701.933594 0.000000 1057.555420 0.000000 0.826002 0.000000 0.563667 0.358415 0.358415 0.358415
5719.733887 0.000000 1058.619995 0.000000 0.756073 0.000000 0.654488 0.345492 0.345492 0.345492
5703.583496 0.000000 1068.972046 0.000000 0.792154 0.000000 0.610321 0.349850 0.349850 0.349850
5688.639160 0.000000 1078.175415 0.000000 0.994138 0.000000 0.108120 0.231383 0.231383 0.231383
5692.727539 0.000000 1075.697632 0.000000 0.719548 0.000000 0.694442 0.248371 0.248371 0.248371
5688.246582 0.000000 1076.060059 0.000000 0.998475 0.000000 0.055212 0.254352 0.254352 0.254352
5685.177734 0.000000 1083.723511 0.000000 0.811295 0.000000 0.584637 0.252532 0.252532 0.252532
5684.916016 0.000000 1080.566162 0.000000 0.735038 0.000000 0.678026 0.272615 0.272615 0.272615
5695.365723 0.000000 1083.168457 0.000000 0.953739 0.000000 0.300636 0.378654 0.378654 0.378654
5687.719727 0.000000 1077.233032 0.000000 0.868136 0.000000 0.496327 0.360631 0.360631 0.360631
5711.831543 0.000000 1077.375000 0.000000 0.871879 0.000000 0.489721 0.195273 0.195273 0.195273
5703.408691 0.000000 1091.040649 0.000000 0.961748 0.000000 0.273936 0.304054 0.304054 0.304054
5707.583984 0.000000 1076.760742 0.000000 0.779438 0.000000 0.626480 0.323782 0.323782 0.323782
5700.601562 0.000000 1074.526611 0.000000 0.865813 0.000000 0.500368 0.366116 0.366116 0.366116
"}
object={
	name="baobab_generator_2_2"
	clamp_to_water_level=no
	render_under_water=no
	generated_content=yes
	layer="semidynamic_medium"
	pdxmesh="tree_baobab_03_mesh"
	count=40
	transform="5690.544434 0.000000 1057.141846 0.000000 0.735003 0.000000 -0.678064 0.252265 0.252265 0.252265
5694.419434 0.000000 1058.866089 0.000000 0.996053 0.000000 -0.088764 0.224169 0.224169 0.224169
5695.374512 0.000000 1056.814209 0.000000 0.938996 0.000000 -0.343927 0.274614 0.274614 0.274614
5693.535645 0.000000 1070.894287 0.000000 0.999652 0.000000 -0.026395 0.278540 0.278540 0.278540
5691.964844 0.000000 1068.020508 0.000000 0.773138 0.000000 -0.634237 0.307094 0.307094 0.307094
5695.210449 0.000000 1051.320557 0.000000 0.764681 0.000000 -0.644409 0.405199 0.405199 0.405199
5695.025879 0.000000 1066.083862 0.000000 0.867510 0.000000 -0.497420 0.386576 0.386576 0.386576
5692.439453 0.000000 1065.771729 0.000000 0.801953 0.000000 -0.597387 0.445075 0.445075 0.445075
5691.012207 0.000000 1065.145508 0.000000 0.761689 0.000000 -0.647943 0.449801 0.449801 0.449801
5695.644043 0.000000 1072.739258 0.000000 0.838088 0.000000 -0.545535 0.442929 0.442929 0.442929
5716.089355 0.000000 1061.535645 0.000000 0.972077 0.000000 -0.234660 0.223828 0.223828 0.223828
5729.210449 0.000000 1061.592041 0.000000 0.805666 0.000000 -0.592370 0.205382 0.205382 0.205382
5705.203613 0.000000 1052.419556 0.000000 0.998340 0.000000 -0.057597 0.200424 0.200424 0.200424
5697.017578 0.000000 1043.411865 0.000000 0.967148 0.000000 -0.254213 0.211212 0.211212 0.211212
5708.083496 0.000000 1062.232666 0.000000 0.900196 0.000000 -0.435486 0.218154 0.218154 0.218154
5710.979980 0.000000 1041.558960 0.000000 0.795851 0.000000 -0.605493 0.238035 0.238035 0.238035
5698.822754 0.000000 1050.686890 0.000000 0.874512 0.000000 -0.485004 0.249499 0.249499 0.249499
5710.389160 0.000000 1050.103516 0.000000 0.947520 0.000000 -0.319697 0.304314 0.304314 0.304314
5710.401855 0.000000 1058.414551 0.000000 0.939525 0.000000 -0.342480 0.244435 0.244435 0.244435
5702.953125 0.000000 1052.328979 0.000000 0.921111 0.000000 -0.389301 0.257405 0.257405 0.257405
5716.821777 0.000000 1047.829712 0.000000 0.737896 0.000000 -0.674914 0.320640 0.320640 0.320640
5714.362793 0.000000 1049.355347 0.000000 0.902214 0.000000 -0.431289 0.299129 0.299129 0.299129
5715.881836 0.000000 1055.256226 0.000000 0.983550 0.000000 -0.180633 0.346047 0.346047 0.346047
5699.051758 0.000000 1066.571167 0.000000 0.966348 0.000000 -0.257238 0.376111 0.376111 0.376111
5699.162109 0.000000 1068.770386 0.000000 0.952675 0.000000 -0.303992 0.418412 0.418412 0.418412
5697.639160 0.000000 1051.925171 0.000000 0.992924 0.000000 -0.118754 0.338756 0.338756 0.338756
5710.035156 0.000000 1042.718384 0.000000 0.975628 0.000000 -0.219430 0.326204 0.326204 0.326204
5707.761719 0.000000 1041.128418 0.000000 0.990407 0.000000 -0.138180 0.408825 0.408825 0.408825
5705.995605 0.000000 1065.559692 0.000000 0.936912 0.000000 -0.349566 0.374710 0.374710 0.374710
5705.525391 0.000000 1038.766479 0.000000 0.757162 0.000000 -0.653227 0.408601 0.408601 0.408601
5726.684082 0.000000 1058.979370 0.000000 0.833752 0.000000 -0.552140 0.405926 0.405926 0.405926
5717.323242 0.000000 1057.940552 0.000000 0.721703 0.000000 -0.692203 0.424216 0.424216 0.424216
5719.843750 0.000000 1055.058960 0.000000 0.884237 0.000000 -0.467038 0.409768 0.409768 0.409768
5710.558105 0.000000 1069.591553 0.000000 0.871558 0.000000 -0.490292 0.435692 0.435692 0.435692
5690.028320 0.000000 1086.301758 0.000000 0.998823 0.000000 -0.048498 0.213452 0.213452 0.213452
5697.451172 0.000000 1085.378784 0.000000 0.888655 0.000000 -0.458577 0.203627 0.203627 0.203627
5703.699707 0.000000 1089.057983 0.000000 0.946300 0.000000 -0.323289 0.319076 0.319076 0.319076
5710.749512 0.000000 1073.234253 0.000000 0.965812 0.000000 -0.259243 0.303641 0.303641 0.303641
5703.231934 0.000000 1086.442383 0.000000 0.799016 0.000000 -0.601309 0.428538 0.428538 0.428538
5697.375488 0.000000 1075.595093 0.000000 0.757256 0.000000 -0.653119 0.454370 0.454370 0.454370
"}
object={
	name="baobab_generator_2_3"
	clamp_to_water_level=no
	render_under_water=no
	generated_content=yes
	layer="semidynamic_medium"
	pdxmesh="tree_baobab_04_mesh"
	count=28
	transform="5693.367188 0.000000 1067.854492 0.000000 0.117714 0.000000 -0.993048 0.447878 0.447878 0.447878
5713.256836 0.000000 1051.433594 0.000000 0.036193 0.000000 -0.999345 0.229411 0.229411 0.229411
5712.971680 0.000000 1065.895752 0.000000 0.209472 0.000000 -0.977815 0.274071 0.274071 0.274071
5714.817383 0.000000 1047.162598 0.000000 0.392891 0.000000 -0.919585 0.285975 0.285975 0.285975
5697.884766 0.000000 1067.771240 0.000000 0.089913 0.000000 -0.995950 0.306232 0.306232 0.306232
5696.009766 0.000000 1058.911255 0.000000 0.201474 0.000000 -0.979494 0.231656 0.231656 0.231656
5708.457520 0.000000 1068.494629 0.000000 0.524746 0.000000 -0.851259 0.271810 0.271810 0.271810
5715.991699 0.000000 1049.946289 0.000000 0.645692 0.000000 -0.763598 0.310789 0.310789 0.310789
5706.072266 0.000000 1072.890747 0.000000 0.186647 0.000000 -0.982427 0.273055 0.273055 0.273055
5719.339844 0.000000 1049.126221 0.000000 0.128968 0.000000 -0.991649 0.265387 0.265387 0.265387
5709.872070 0.000000 1045.121216 0.000000 0.312882 0.000000 -0.949792 0.250971 0.250971 0.250971
5714.979980 0.000000 1056.732544 0.000000 0.496559 0.000000 -0.868003 0.375346 0.375346 0.375346
5700.789062 0.000000 1050.575684 0.000000 0.450718 0.000000 -0.892666 0.346294 0.346294 0.346294
5711.325195 0.000000 1051.727173 0.000000 0.358909 0.000000 -0.933373 0.330321 0.330321 0.330321
5706.704590 0.000000 1039.461304 0.000000 0.352660 0.000000 -0.935752 0.295502 0.295502 0.295502
5713.688477 0.000000 1044.945557 0.000000 0.023396 0.000000 -0.999726 0.446003 0.446003 0.446003
5700.140625 0.000000 1058.286621 0.000000 0.518107 0.000000 -0.855316 0.420702 0.420702 0.420702
5702.595703 0.000000 1042.717773 0.000000 0.108538 0.000000 -0.994092 0.369459 0.369459 0.369459
5699.574219 0.000000 1070.142334 0.000000 0.224273 0.000000 -0.974526 0.498692 0.498692 0.498692
5703.204590 0.000000 1045.701416 0.000000 0.185524 0.000000 -0.982640 0.505744 0.505744 0.505744
5684.003906 0.000000 1076.530640 0.000000 0.001718 0.000000 -0.999999 0.264598 0.264598 0.264598
5693.251953 0.000000 1080.017700 0.000000 0.244455 0.000000 -0.969661 0.311392 0.311392 0.311392
5692.271484 0.000000 1081.716431 0.000000 0.360488 0.000000 -0.932764 0.308307 0.308307 0.308307
5693.982422 0.000000 1084.728027 0.000000 0.542172 0.000000 -0.840267 0.463769 0.463769 0.463769
5692.125488 0.000000 1084.097656 0.000000 0.414740 0.000000 -0.909940 0.473060 0.473060 0.473060
5703.914551 0.000000 1075.040039 0.000000 0.459804 0.000000 -0.888020 0.221673 0.221673 0.221673
5697.451660 0.000000 1082.595581 0.000000 0.506495 0.000000 -0.862243 0.268108 0.268108 0.268108
5700.756836 0.000000 1091.996338 0.000000 0.095533 0.000000 -0.995426 0.347742 0.347742 0.347742
"}
