object={
	name="bush_01_generator_1_0"
	clamp_to_water_level=no
	render_under_water=no
	generated_content=yes
	layer="semidynamic_medium"
	pdxmesh="tree_bush_01_mesh"
	count=42
	transform="2922.638916 0.000000 3495.979492 0.000000 0.828254 0.000000 -0.560352 0.196937 0.196937 0.196937
5001.400879 0.000000 863.384766 0.000000 0.992978 0.000000 -0.118303 0.139460 0.139460 0.139460
5029.432617 0.000000 858.292664 0.000000 0.955181 0.000000 0.296024 0.125399 0.125399 0.125399
5018.122559 0.000000 858.074036 0.000000 0.888844 0.000000 -0.458211 0.129098 0.129098 0.129098
5003.929688 0.000000 859.271484 0.000000 0.804493 0.000000 0.593962 0.126792 0.126792 0.126792
5003.442871 0.000000 865.074219 0.000000 0.418458 0.000000 0.908236 0.136598 0.136598 0.136598
5010.128418 0.000000 868.027222 0.000000 0.970458 0.000000 0.241271 0.151755 0.151755 0.151755
5011.362793 0.000000 875.253479 0.000000 0.119128 0.000000 0.992879 0.140532 0.140532 0.140532
5015.105957 0.000000 868.502319 0.000000 0.903678 0.000000 0.428213 0.152996 0.152996 0.152996
5079.890625 0.000000 866.323303 0.000000 0.685753 0.000000 0.727834 0.121688 0.121688 0.121688
5081.237793 0.000000 853.424500 0.000000 0.948363 0.000000 0.317188 0.127528 0.127528 0.127528
5124.458496 0.000000 845.247192 0.000000 0.444897 0.000000 0.895582 0.121598 0.121598 0.121598
5134.953125 0.000000 844.752930 0.000000 0.363048 0.000000 0.931770 0.131477 0.131477 0.131477
5141.502930 0.000000 839.100464 0.000000 0.995021 0.000000 0.099670 0.139611 0.139611 0.139611
5134.604980 0.000000 838.358215 0.000000 0.982735 0.000000 0.185021 0.147580 0.147580 0.147580
5122.396484 0.000000 849.127747 0.000000 0.181328 0.000000 0.983423 0.128511 0.128511 0.128511
5183.958008 0.000000 868.164612 0.000000 0.820914 0.000000 -0.571052 0.149047 0.149047 0.149047
5150.530273 0.000000 870.725708 0.000000 0.860265 0.000000 0.509848 0.122802 0.122802 0.122802
5181.292480 0.000000 859.824585 0.000000 0.999796 0.000000 0.020206 0.130448 0.130448 0.130448
5146.074219 0.000000 877.782043 0.000000 0.835929 0.000000 0.548837 0.142965 0.142965 0.142965
5165.434082 0.000000 876.994873 0.000000 0.565313 0.000000 0.824876 0.127588 0.127588 0.127588
5139.007324 0.000000 865.343994 0.000000 0.989191 0.000000 -0.146634 0.139024 0.139024 0.139024
5182.270020 0.000000 851.697021 0.000000 0.841708 0.000000 0.539933 0.150165 0.150165 0.150165
5181.507812 0.000000 897.042419 0.000000 0.343308 0.000000 0.939223 0.127616 0.127616 0.127616
5167.537109 0.000000 874.394104 0.000000 0.645634 0.000000 0.763647 0.140540 0.140540 0.140540
5148.947754 0.000000 877.337463 0.000000 0.235822 0.000000 0.971796 0.133042 0.133042 0.133042
5135.671387 0.000000 848.794739 0.000000 0.052237 0.000000 0.998635 0.148214 0.148214 0.148214
5180.013184 0.000000 862.130371 0.000000 0.999654 0.000000 0.026313 0.167367 0.167367 0.167367
5164.051758 0.000000 879.359924 0.000000 0.157917 0.000000 0.987452 0.133760 0.133760 0.133760
5173.428223 0.000000 865.106873 0.000000 0.797705 0.000000 0.603048 0.162410 0.162410 0.162410
5134.686523 0.000000 861.857117 0.000000 0.876495 0.000000 -0.481410 0.149695 0.149695 0.149695
5181.638184 0.000000 866.988831 0.000000 0.953102 0.000000 0.302648 0.147561 0.147561 0.147561
5157.463867 0.000000 854.870972 0.000000 0.913073 0.000000 0.407796 0.145922 0.145922 0.145922
5124.602051 0.000000 849.871460 0.000000 0.975971 0.000000 -0.217900 0.150626 0.150626 0.150626
5126.475098 0.000000 861.856262 0.000000 0.998921 0.000000 0.046450 0.152156 0.152156 0.152156
5180.034180 0.000000 895.088867 0.000000 0.291321 0.000000 0.956625 0.150496 0.150496 0.150496
5137.219727 0.000000 858.724365 0.000000 0.190060 0.000000 0.981773 0.151046 0.151046 0.151046
5143.366211 0.000000 849.918335 0.000000 0.640576 0.000000 0.767895 0.160116 0.160116 0.160116
5173.097168 0.000000 849.050964 0.000000 0.797475 0.000000 0.603352 0.170089 0.170089 0.170089
5177.112305 0.000000 853.855896 0.000000 0.988542 0.000000 -0.150943 0.172818 0.172818 0.172818
5184.098633 0.000000 854.214600 0.000000 0.255547 0.000000 0.966797 0.155678 0.155678 0.155678
5185.884766 0.000000 898.318176 0.000000 0.997967 0.000000 0.063740 0.128590 0.128590 0.128590
"}
object={
	name="bush_01_generator_1_1"
	clamp_to_water_level=no
	render_under_water=no
	generated_content=yes
	layer="semidynamic_medium"
	pdxmesh="tree_bush_02_mesh"
	count=25
	transform="2923.596436 0.000000 3494.088379 0.000000 0.561725 0.000000 -0.827324 0.199272 0.199272 0.199272
2922.351562 0.000000 3494.635254 0.000000 0.806063 0.000000 -0.591830 0.197174 0.197174 0.197174
5013.705078 0.000000 874.133301 0.000000 0.721378 0.000000 -0.692541 0.127972 0.127972 0.127972
5023.453613 0.000000 863.995728 0.000000 0.786954 0.000000 -0.617011 0.141304 0.141304 0.141304
5024.426758 0.000000 859.703430 0.000000 0.543768 0.000000 -0.839236 0.132358 0.132358 0.132358
5015.293457 0.000000 870.830383 0.000000 0.041797 0.000000 -0.999126 0.145110 0.145110 0.145110
5005.872070 0.000000 875.668091 0.000000 0.624337 0.000000 -0.781155 0.146934 0.146934 0.146934
5078.937012 0.000000 861.692993 0.000000 0.758512 0.000000 -0.651659 0.131190 0.131190 0.131190
5129.641113 0.000000 843.969116 0.000000 0.636645 0.000000 -0.771157 0.150317 0.150317 0.150317
5136.971680 0.000000 839.958252 0.000000 0.382347 0.000000 -0.924019 0.135429 0.135429 0.135429
5121.118652 0.000000 835.511353 0.000000 0.025895 0.000000 -0.999665 0.172805 0.172805 0.172805
5122.026855 0.000000 839.407471 0.000000 0.286856 0.000000 -0.957974 0.158006 0.158006 0.158006
5165.516602 0.000000 861.998901 0.000000 0.212518 0.000000 -0.977157 0.126818 0.126818 0.126818
5160.763184 0.000000 862.387817 0.000000 0.545996 0.000000 -0.837788 0.141016 0.141016 0.141016
5160.015625 0.000000 854.894226 0.000000 0.467390 0.000000 -0.884051 0.144891 0.144891 0.144891
5124.948730 0.000000 847.380676 0.000000 0.346979 0.000000 -0.937873 0.145479 0.145479 0.145479
5161.676758 0.000000 865.332642 0.000000 0.022663 0.000000 -0.999743 0.146370 0.146370 0.146370
5150.961914 0.000000 848.226929 0.000000 0.612439 0.000000 -0.790518 0.157379 0.157379 0.157379
5178.637207 0.000000 874.199341 0.000000 0.297836 0.000000 -0.954617 0.150956 0.150956 0.150956
5144.077637 0.000000 856.662109 0.000000 0.006542 0.000000 -0.999979 0.153499 0.153499 0.153499
5153.049316 0.000000 848.515930 0.000000 0.362529 0.000000 -0.931972 0.165180 0.165180 0.165180
5176.246582 0.000000 850.122498 0.000000 0.126147 0.000000 -0.992012 0.186342 0.186342 0.186342
5136.278320 0.000000 860.821411 0.000000 0.775604 0.000000 -0.631220 0.158556 0.158556 0.158556
5185.017578 0.000000 873.958679 0.000000 0.217850 0.000000 -0.975982 0.175880 0.175880 0.175880
5184.514160 0.000000 863.346497 0.000000 0.280386 0.000000 -0.959887 0.136461 0.136461 0.136461
"}
