object={
	name="bush_01_generator_2_0"
	clamp_to_water_level=no
	render_under_water=no
	generated_content=yes
	layer="semidynamic_high"
	pdxmesh="tree_bush_01_mesh"
	count=462
	transform="2927.868652 0.000000 3493.957764 0.000000 0.618814 0.000000 0.785537 0.114263 0.114263 0.114263
2921.322754 0.000000 3493.822510 0.000000 0.931763 0.000000 0.363068 0.112934 0.112934 0.112934
2925.747070 0.000000 3494.238525 0.000000 0.654205 0.000000 0.756318 0.133508 0.133508 0.133508
5606.230957 0.000000 1168.216553 0.000000 0.557840 0.000000 0.829949 0.096884 0.096884 0.096884
5605.982422 0.000000 1179.949341 0.000000 0.467249 0.000000 0.884126 0.096548 0.096548 0.096548
5615.722656 0.000000 1174.007202 0.000000 0.829375 0.000000 0.558693 0.098113 0.098113 0.098113
5579.959473 0.000000 1178.178345 0.000000 0.792054 0.000000 0.610451 0.097910 0.097910 0.097910
5598.236816 0.000000 1182.217407 0.000000 0.190748 0.000000 0.981639 0.095611 0.095611 0.095611
5623.107910 0.000000 1174.888794 0.000000 0.660521 0.000000 0.750808 0.097297 0.097297 0.097297
5602.932617 0.000000 1183.764404 0.000000 0.903450 0.000000 -0.428693 0.101410 0.101410 0.101410
5625.910645 0.000000 1177.638550 0.000000 0.945652 0.000000 0.325182 0.098946 0.098946 0.098946
5627.981445 0.000000 1184.906738 0.000000 0.925126 0.000000 -0.379661 0.101523 0.101523 0.101523
5606.346680 0.000000 1183.945190 0.000000 0.944801 0.000000 0.327644 0.098937 0.098937 0.098937
5623.062500 0.000000 1180.704956 0.000000 0.283173 0.000000 0.959069 0.095914 0.095914 0.095914
5630.390625 0.000000 1185.447998 0.000000 0.683156 0.000000 0.730273 0.098758 0.098758 0.098758
5620.706543 0.000000 1186.002808 0.000000 0.692561 0.000000 0.721359 0.099346 0.099346 0.099346
5562.368164 0.000000 1238.097778 0.000000 0.974643 0.000000 0.223768 0.099282 0.099282 0.099282
5569.451172 0.000000 1198.347534 0.000000 0.050074 0.000000 0.998746 0.095159 0.095159 0.095159
5569.318848 0.000000 1225.060303 0.000000 0.100802 0.000000 0.994906 0.095321 0.095321 0.095321
5596.793945 0.000000 1189.013672 0.000000 0.761971 0.000000 0.647612 0.097758 0.097758 0.097758
5579.959473 0.000000 1234.662720 0.000000 0.838709 0.000000 0.544579 0.098167 0.098167 0.098167
5582.007324 0.000000 1217.062134 0.000000 0.997198 0.000000 -0.074802 0.100238 0.100238 0.100238
5588.569336 0.000000 1191.558350 0.000000 0.792693 0.000000 0.609622 0.097913 0.097913 0.097913
5568.254883 0.000000 1233.312744 0.000000 0.127711 0.000000 0.991811 0.095408 0.095408 0.095408
5583.272949 0.000000 1208.090454 0.000000 0.990659 0.000000 -0.136365 0.100435 0.100435 0.100435
5594.122559 0.000000 1196.980225 0.000000 0.814933 0.000000 -0.579555 0.101968 0.101968 0.101968
5602.900879 0.000000 1186.236572 0.000000 0.985956 0.000000 -0.167003 0.100534 0.100534 0.100534
5591.491699 0.000000 1186.803345 0.000000 0.320995 0.000000 0.947081 0.096040 0.096040 0.096040
5580.552734 0.000000 1212.365967 0.000000 0.467467 0.000000 0.884011 0.096548 0.096548 0.096548
5582.220703 0.000000 1203.252808 0.000000 0.475250 0.000000 0.879851 0.096576 0.096576 0.096576
5587.007324 0.000000 1204.250244 0.000000 0.998966 0.000000 -0.045473 0.100145 0.100145 0.100145
5590.937012 0.000000 1200.599243 0.000000 0.960400 0.000000 -0.278624 0.100899 0.100899 0.100899
5593.237793 0.000000 1192.330811 0.000000 0.410118 0.000000 0.912032 0.096345 0.096345 0.096345
5622.864258 0.000000 1241.170532 0.000000 0.312552 0.000000 0.949901 0.103273 0.103273 0.103273
5597.237305 0.000000 1219.694092 0.000000 0.921046 0.000000 0.389454 0.103428 0.103428 0.103428
5581.506836 0.000000 1221.986328 0.000000 0.387080 0.000000 0.922046 0.096265 0.096265 0.096265
5615.868652 0.000000 1234.582886 0.000000 0.345937 0.000000 0.938258 0.105548 0.105548 0.105548
5600.618164 0.000000 1189.537476 0.000000 0.722569 0.000000 0.691299 0.097570 0.097570 0.097570
5591.371094 0.000000 1229.185791 0.000000 0.891652 0.000000 -0.452721 0.101780 0.101780 0.101780
5589.502930 0.000000 1234.491089 0.000000 0.739749 0.000000 0.672882 0.097651 0.097651 0.097651
5585.939453 0.000000 1227.967407 0.000000 0.085716 0.000000 0.996320 0.095273 0.095273 0.095273
5591.293457 0.000000 1209.736694 0.000000 0.930304 0.000000 -0.366790 0.101195 0.101195 0.101195
5586.579102 0.000000 1241.360718 0.000000 0.831479 0.000000 0.555556 0.098125 0.098125 0.098125
5597.530273 0.000000 1213.464233 0.000000 0.857510 0.000000 0.514468 0.102409 0.102409 0.102409
5619.402344 0.000000 1240.139160 0.000000 0.999856 0.000000 0.016960 0.107505 0.107505 0.107505
5597.392090 0.000000 1230.845337 0.000000 0.110356 0.000000 0.993892 0.099358 0.099358 0.099358
5623.062500 0.000000 1237.189331 0.000000 0.483230 0.000000 0.875493 0.102829 0.102829 0.102829
5586.230469 0.000000 1224.207397 0.000000 0.988026 0.000000 -0.154290 0.100493 0.100493 0.100493
5590.628418 0.000000 1216.199097 0.000000 0.242005 0.000000 0.970275 0.096583 0.096583 0.096583
5593.681152 0.000000 1219.949341 0.000000 0.996040 0.000000 -0.088905 0.103373 0.103373 0.103373
5603.666992 0.000000 1222.658081 0.000000 0.016321 0.000000 0.999867 0.102773 0.102773 0.102773
5592.572266 0.000000 1225.636230 0.000000 0.401423 0.000000 0.915893 0.098743 0.098743 0.098743
5600.449219 0.000000 1212.167236 0.000000 0.858869 0.000000 0.512196 0.104070 0.104070 0.104070
5601.099609 0.000000 1220.121582 0.000000 0.977320 0.000000 -0.211768 0.107166 0.107166 0.107166
5615.537109 0.000000 1213.300293 0.000000 0.914555 0.000000 0.404462 0.102268 0.102268 0.102268
5609.676758 0.000000 1204.238892 0.000000 0.435519 0.000000 0.900179 0.101567 0.101567 0.101567
5593.916992 0.000000 1230.938110 0.000000 0.960960 0.000000 0.276687 0.101051 0.101051 0.101051
5612.194824 0.000000 1198.249268 0.000000 0.997639 0.000000 0.068678 0.104533 0.104533 0.104533
5597.422852 0.000000 1224.723755 0.000000 0.959460 0.000000 0.281843 0.103809 0.103809 0.103809
5587.991699 0.000000 1219.399414 0.000000 0.772970 0.000000 0.634443 0.097812 0.097812 0.097812
5606.581055 0.000000 1221.296265 0.000000 0.932560 0.000000 -0.361015 0.109961 0.109961 0.109961
5601.448730 0.000000 1209.468628 0.000000 0.919830 0.000000 0.392318 0.103418 0.103418 0.103418
5591.191895 0.000000 1232.062500 0.000000 0.966090 0.000000 0.258206 0.099169 0.099169 0.099169
5625.384766 0.000000 1242.423584 0.000000 0.998766 0.000000 0.049663 0.105715 0.105715 0.105715
5598.952637 0.000000 1205.684204 0.000000 0.698261 0.000000 0.715843 0.101009 0.101009 0.101009
5606.337891 0.000000 1199.908081 0.000000 0.990187 0.000000 0.139750 0.103179 0.103179 0.103179
5604.575195 0.000000 1188.560913 0.000000 0.226627 0.000000 0.973982 0.095728 0.095728 0.095728
5604.029297 0.000000 1204.724609 0.000000 0.913454 0.000000 0.406943 0.103917 0.103917 0.103917
5597.958984 0.000000 1196.372192 0.000000 0.682991 0.000000 0.730427 0.097393 0.097393 0.097393
5606.469727 0.000000 1212.765869 0.000000 0.557909 0.000000 0.829902 0.102583 0.102583 0.102583
5612.352051 0.000000 1203.432983 0.000000 0.741543 0.000000 0.670906 0.102857 0.102857 0.102857
5593.283691 0.000000 1207.789673 0.000000 0.067270 0.000000 0.997735 0.096548 0.096548 0.096548
5607.299805 0.000000 1232.551270 0.000000 0.992532 0.000000 0.121987 0.109376 0.109376 0.109376
5621.566895 0.000000 1198.634155 0.000000 0.781718 0.000000 0.623632 0.106354 0.106354 0.106354
5601.062500 0.000000 1238.245850 0.000000 0.999873 0.000000 0.015942 0.108068 0.108068 0.108068
5607.591309 0.000000 1228.007935 0.000000 0.422351 0.000000 0.906433 0.106918 0.106918 0.106918
5588.984863 0.000000 1223.369873 0.000000 0.798565 0.000000 0.601909 0.097944 0.097944 0.097944
5612.127930 0.000000 1213.613159 0.000000 0.516958 0.000000 0.856011 0.100252 0.100252 0.100252
5629.125000 0.000000 1238.651123 0.000000 0.873501 0.000000 0.486823 0.105822 0.105822 0.105822
5624.473633 0.000000 1194.302612 0.000000 0.998745 0.000000 -0.050090 0.108857 0.108857 0.108857
5601.491699 0.000000 1192.067139 0.000000 0.149611 0.000000 0.988745 0.095478 0.095478 0.095478
5601.412109 0.000000 1201.129028 0.000000 0.693363 0.000000 0.720588 0.099895 0.099895 0.099895
5625.460938 0.000000 1186.275146 0.000000 0.840209 0.000000 -0.542263 0.105532 0.105532 0.105532
5612.051758 0.000000 1218.266235 0.000000 0.782670 0.000000 0.622437 0.104166 0.104166 0.104166
5603.689941 0.000000 1237.773560 0.000000 0.948664 0.000000 0.316285 0.109234 0.109234 0.109234
5621.428223 0.000000 1204.013062 0.000000 0.128994 0.000000 0.991645 0.102628 0.102628 0.102628
5631.976562 0.000000 1236.787231 0.000000 0.988337 0.000000 0.152280 0.104252 0.104252 0.104252
5606.385742 0.000000 1203.016846 0.000000 0.938932 0.000000 0.344102 0.104698 0.104698 0.104698
5617.394043 0.000000 1211.501587 0.000000 0.943173 0.000000 0.332301 0.104741 0.104741 0.104741
5602.111328 0.000000 1217.787109 0.000000 0.929452 0.000000 -0.368942 0.108290 0.108290 0.108290
5605.463867 0.000000 1193.777222 0.000000 0.839292 0.000000 -0.543682 0.102685 0.102685 0.102685
5622.158691 0.000000 1218.231689 0.000000 0.955301 0.000000 -0.295634 0.108025 0.108025 0.108025
5595.698730 0.000000 1232.671265 0.000000 0.085419 0.000000 0.996345 0.097674 0.097674 0.097674
5614.693848 0.000000 1218.230469 0.000000 0.511204 0.000000 0.859459 0.102397 0.102397 0.102397
5596.928223 0.000000 1204.052002 0.000000 0.999949 0.000000 0.010058 0.102488 0.102488 0.102488
5591.339844 0.000000 1218.579346 0.000000 0.602538 0.000000 0.798091 0.097330 0.097330 0.097330
5630.390625 0.000000 1241.932373 0.000000 0.828308 0.000000 -0.560273 0.107316 0.107316 0.107316
5611.659668 0.000000 1222.351562 0.000000 0.980982 0.000000 0.194101 0.107451 0.107451 0.107451
5595.190918 0.000000 1214.481323 0.000000 0.118748 0.000000 0.992924 0.099386 0.099386 0.099386
5599.328613 0.000000 1236.493774 0.000000 0.466306 0.000000 0.884623 0.103305 0.103305 0.103305
5631.509766 0.000000 1223.390381 0.000000 0.823677 0.000000 -0.567060 0.111911 0.111911 0.111911
5611.095215 0.000000 1200.490479 0.000000 0.926487 0.000000 0.376327 0.102922 0.102922 0.102922
5629.251953 0.000000 1192.986450 0.000000 0.812348 0.000000 0.583173 0.107628 0.107628 0.107628
5630.994629 0.000000 1233.795654 0.000000 0.913739 0.000000 -0.406301 0.110131 0.110131 0.110131
5623.044922 0.000000 1225.260254 0.000000 0.890294 0.000000 0.455386 0.105944 0.105944 0.105944
5630.948242 0.000000 1188.326050 0.000000 0.956351 0.000000 -0.292220 0.108013 0.108013 0.108013
5601.365723 0.000000 1196.346680 0.000000 0.888242 0.000000 -0.459375 0.102941 0.102941 0.102941
5620.706543 0.000000 1242.487183 0.000000 0.789210 0.000000 0.614123 0.104750 0.104750 0.104750
5614.782227 0.000000 1228.235962 0.000000 0.042389 0.000000 0.999101 0.102863 0.102863 0.102863
5616.587891 0.000000 1206.425171 0.000000 0.493352 0.000000 0.869830 0.102869 0.102869 0.102869
5596.944336 0.000000 1222.039307 0.000000 0.931688 0.000000 -0.363258 0.106002 0.106002 0.106002
5628.008301 0.000000 1228.449097 0.000000 0.422854 0.000000 0.906198 0.105300 0.105300 0.105300
5604.550293 0.000000 1216.965942 0.000000 0.068797 0.000000 0.997631 0.102421 0.102421 0.102421
5609.650879 0.000000 1195.458618 0.000000 0.867197 0.000000 0.497965 0.100820 0.100820 0.100820
5604.952637 0.000000 1226.648804 0.000000 0.118849 0.000000 0.992912 0.103661 0.103661 0.103661
5627.739258 0.000000 1190.678467 0.000000 0.544821 0.000000 0.838553 0.104700 0.104700 0.104700
5597.291016 0.000000 1228.514404 0.000000 0.135442 0.000000 0.990785 0.099977 0.099977 0.099977
5617.687988 0.000000 1195.124390 0.000000 0.916875 0.000000 -0.399175 0.107266 0.107266 0.107266
5624.630371 0.000000 1239.626831 0.000000 0.520085 0.000000 0.854115 0.104058 0.104058 0.104058
5619.914062 0.000000 1191.960205 0.000000 0.824080 0.000000 0.566473 0.102754 0.102754 0.102754
5628.727539 0.000000 1188.666382 0.000000 0.715948 0.000000 0.698154 0.103824 0.103824 0.103824
5631.273438 0.000000 1197.562988 0.000000 0.853005 0.000000 -0.521904 0.114003 0.114003 0.114003
5623.794922 0.000000 1199.178101 0.000000 0.786560 0.000000 0.617514 0.106381 0.106381 0.106381
5603.522949 0.000000 1230.817749 0.000000 0.995029 0.000000 0.099588 0.108338 0.108338 0.108338
5599.373535 0.000000 1229.604980 0.000000 0.770669 0.000000 0.637236 0.104102 0.104102 0.104102
5623.405273 0.000000 1221.025024 0.000000 0.991982 0.000000 -0.126381 0.106872 0.106872 0.106872
5614.671387 0.000000 1232.626343 0.000000 0.886042 0.000000 -0.463606 0.111489 0.111489 0.111489
5617.314941 0.000000 1228.870117 0.000000 0.987282 0.000000 -0.158980 0.107547 0.107547 0.107547
5624.096680 0.000000 1213.815796 0.000000 0.909526 0.000000 0.415646 0.106648 0.106648 0.106648
5622.255859 0.000000 1194.931885 0.000000 0.185323 0.000000 0.982678 0.103359 0.103359 0.103359
5627.305664 0.000000 1235.950928 0.000000 0.932310 0.000000 0.361661 0.106296 0.106296 0.106296
5614.880859 0.000000 1236.707520 0.000000 0.999754 0.000000 0.022194 0.108607 0.108607 0.108607
5621.789062 0.000000 1229.615601 0.000000 0.199537 0.000000 0.979890 0.100729 0.100729 0.100729
5599.888672 0.000000 1207.716187 0.000000 0.573333 0.000000 0.819322 0.101017 0.101017 0.101017
5599.005371 0.000000 1221.076538 0.000000 0.995884 0.000000 -0.090638 0.105626 0.105626 0.105626
5595.443848 0.000000 1218.436890 0.000000 0.762483 0.000000 0.647008 0.102415 0.102415 0.102415
5595.673340 0.000000 1238.945190 0.000000 0.256175 0.000000 0.966630 0.100388 0.100388 0.100388
5615.085449 0.000000 1225.000000 0.000000 0.871081 0.000000 0.491139 0.106356 0.106356 0.106356
5625.072754 0.000000 1236.288940 0.000000 0.999939 0.000000 -0.011084 0.107601 0.107601 0.107601
5617.031738 0.000000 1232.510376 0.000000 0.338159 0.000000 0.941089 0.103904 0.103904 0.103904
5617.262695 0.000000 1240.732910 0.000000 0.529271 0.000000 0.848453 0.104094 0.104094 0.104094
5631.374512 0.000000 1226.267334 0.000000 0.619949 0.000000 0.784642 0.107739 0.107739 0.107739
5625.190430 0.000000 1228.278687 0.000000 0.500913 0.000000 0.865498 0.102898 0.102898 0.102898
5600.607910 0.000000 1225.262573 0.000000 0.897114 0.000000 -0.441800 0.108561 0.108561 0.108561
5610.219238 0.000000 1232.386475 0.000000 0.881159 0.000000 -0.472821 0.112094 0.112094 0.112094
5613.465820 0.000000 1230.467773 0.000000 0.538888 0.000000 0.842378 0.107930 0.107930 0.107930
5623.867676 0.000000 1233.403564 0.000000 0.021048 0.000000 0.999778 0.100127 0.100127 0.100127
5604.682129 0.000000 1209.961182 0.000000 0.945789 0.000000 -0.324782 0.107563 0.107563 0.107563
5608.179688 0.000000 1214.356567 0.000000 0.886892 0.000000 0.461977 0.104264 0.104264 0.104264
5604.916016 0.000000 1214.234253 0.000000 0.976272 0.000000 0.216550 0.106259 0.106259 0.106259
5629.252441 0.000000 1196.598267 0.000000 0.963739 0.000000 -0.266848 0.113008 0.113008 0.113008
5602.508301 0.000000 1232.737549 0.000000 0.972063 0.000000 0.234721 0.108976 0.108976 0.108976
5610.678223 0.000000 1224.346924 0.000000 0.517985 0.000000 0.855390 0.105133 0.105133 0.105133
5600.801270 0.000000 1214.487061 0.000000 0.671498 0.000000 0.741007 0.103615 0.103615 0.103615
5604.342285 0.000000 1241.840576 0.000000 0.996052 0.000000 -0.088769 0.110115 0.110115 0.110115
5624.246582 0.000000 1189.028809 0.000000 0.816794 0.000000 -0.576929 0.107384 0.107384 0.107384
5613.836426 0.000000 1238.804688 0.000000 0.922963 0.000000 0.384888 0.107870 0.107870 0.107870
5613.814941 0.000000 1222.718018 0.000000 0.972569 0.000000 -0.232616 0.109496 0.109496 0.109496
5615.436035 0.000000 1220.893188 0.000000 0.987835 0.000000 -0.155508 0.106972 0.106972 0.106972
5627.003418 0.000000 1232.181519 0.000000 0.775368 0.000000 0.631510 0.104675 0.104675 0.104675
5607.167969 0.000000 1234.641846 0.000000 0.203134 0.000000 0.979151 0.103957 0.103957 0.103957
5615.135742 0.000000 1202.228027 0.000000 0.325309 0.000000 0.945608 0.101705 0.101705 0.101705
5627.815430 0.000000 1204.891724 0.000000 0.840274 0.000000 -0.542162 0.111807 0.111807 0.111807
5618.394043 0.000000 1238.293701 0.000000 0.217113 0.000000 0.976146 0.101862 0.101862 0.101862
5629.382324 0.000000 1216.474243 0.000000 0.312992 0.000000 0.949756 0.104351 0.104351 0.104351
5620.316895 0.000000 1215.297729 0.000000 0.190250 0.000000 0.981736 0.102305 0.102305 0.102305
5628.034180 0.000000 1233.995117 0.000000 0.768246 0.000000 0.640154 0.106280 0.106280 0.106280
5598.716309 0.000000 1232.409912 0.000000 0.862055 0.000000 0.506815 0.105193 0.105193 0.105193
5608.199219 0.000000 1217.017822 0.000000 0.987290 0.000000 0.158932 0.105902 0.105902 0.105902
5611.407227 0.000000 1230.399902 0.000000 0.612112 0.000000 0.790771 0.107704 0.107704 0.107704
5608.284180 0.000000 1224.638428 0.000000 0.566427 0.000000 0.824112 0.105875 0.105875 0.105875
5610.638672 0.000000 1236.604492 0.000000 0.581046 0.000000 0.813871 0.106481 0.106481 0.106481
5616.914551 0.000000 1203.355469 0.000000 0.923132 0.000000 0.384483 0.105659 0.105659 0.105659
5628.271484 0.000000 1194.685181 0.000000 0.996164 0.000000 -0.087501 0.111234 0.111234 0.111234
5630.970703 0.000000 1208.827881 0.000000 0.987115 0.000000 -0.160011 0.112618 0.112618 0.112618
5625.360352 0.000000 1197.428589 0.000000 0.695735 0.000000 0.718298 0.106457 0.106457 0.106457
5628.454590 0.000000 1226.510986 0.000000 0.762347 0.000000 0.647169 0.107344 0.107344 0.107344
5604.742188 0.000000 1239.377075 0.000000 0.732774 0.000000 0.680472 0.107188 0.107188 0.107188
5569.451172 0.000000 1254.831909 0.000000 0.464634 0.000000 0.885503 0.096538 0.096538 0.096538
5569.318848 0.000000 1281.544678 0.000000 0.992595 0.000000 0.121474 0.099612 0.099612 0.099612
5575.671387 0.000000 1267.512817 0.000000 0.984159 0.000000 0.177289 0.099433 0.099433 0.099433
5594.979980 0.000000 1284.489014 0.000000 0.409578 0.000000 0.912275 0.096343 0.096343 0.096343
5605.982422 0.000000 1292.918091 0.000000 0.898530 0.000000 0.438912 0.098554 0.098554 0.098554
5615.722656 0.000000 1286.975952 0.000000 0.416389 0.000000 0.909186 0.096367 0.096367 0.096367
5570.396484 0.000000 1244.518433 0.000000 0.984390 0.000000 -0.175999 0.100563 0.100563 0.100563
5631.487305 0.000000 1272.883911 0.000000 0.995055 0.000000 -0.099326 0.100317 0.100317 0.100317
5577.400879 0.000000 1258.775391 0.000000 0.824922 0.000000 -0.565246 0.101912 0.101912 0.101912
5583.272949 0.000000 1264.574829 0.000000 0.895695 0.000000 -0.444669 0.101467 0.101467 0.101467
5601.210449 0.000000 1287.529541 0.000000 0.406684 0.000000 0.913569 0.096333 0.096333 0.096333
5612.760254 0.000000 1281.161377 0.000000 0.998504 0.000000 -0.054686 0.100174 0.100174 0.100174
5609.260742 0.000000 1286.878418 0.000000 0.053827 0.000000 0.998550 0.095171 0.095171 0.095171
5629.212891 0.000000 1268.047974 0.000000 0.898296 0.000000 0.439392 0.098552 0.098552 0.098552
5629.524414 0.000000 1259.725952 0.000000 0.955644 0.000000 -0.294524 0.100952 0.100952 0.100952
5627.211426 0.000000 1272.274414 0.000000 0.138928 0.000000 0.990302 0.095444 0.095444 0.095444
5622.381836 0.000000 1271.983887 0.000000 0.284448 0.000000 0.958692 0.095918 0.095918 0.095918
5630.624512 0.000000 1251.476440 0.000000 0.812487 0.000000 -0.582980 0.103409 0.103409 0.103409
5583.831543 0.000000 1246.828125 0.000000 0.926192 0.000000 -0.377053 0.101231 0.101231 0.101231
5609.204590 0.000000 1279.217651 0.000000 0.948507 0.000000 -0.316756 0.101026 0.101026 0.101026
5620.003906 0.000000 1245.983765 0.000000 0.933318 0.000000 -0.359050 0.107687 0.107687 0.107687
5615.917480 0.000000 1279.438232 0.000000 0.825632 0.000000 -0.564209 0.101908 0.101908 0.101908
5620.014648 0.000000 1251.499512 0.000000 0.863147 0.000000 0.504953 0.103548 0.103548 0.103548
5619.759277 0.000000 1274.021118 0.000000 0.862643 0.000000 -0.505813 0.101688 0.101688 0.101688
5594.987305 0.000000 1242.744995 0.000000 0.927513 0.000000 0.373791 0.104038 0.104038 0.104038
5620.463867 0.000000 1257.738037 0.000000 0.466078 0.000000 0.884743 0.100600 0.100600 0.100600
5610.835938 0.000000 1248.662476 0.000000 0.282937 0.000000 0.959139 0.100480 0.100480 0.100480
5615.537109 0.000000 1269.784668 0.000000 0.964836 0.000000 0.262852 0.099987 0.099987 0.099987
5593.661133 0.000000 1245.722412 0.000000 0.921642 0.000000 -0.388041 0.104389 0.104389 0.104389
5627.100586 0.000000 1252.749023 0.000000 0.684853 0.000000 0.728681 0.101494 0.101494 0.101494
5626.462402 0.000000 1259.726318 0.000000 0.469931 0.000000 0.882703 0.096557 0.096557 0.096557
5623.819336 0.000000 1261.487183 0.000000 0.950630 0.000000 0.310326 0.100382 0.100382 0.100382
5612.194824 0.000000 1254.733643 0.000000 0.936722 0.000000 -0.350073 0.103688 0.103688 0.103688
5619.016113 0.000000 1263.507324 0.000000 0.886329 0.000000 0.463057 0.099847 0.099847 0.099847
5606.581055 0.000000 1277.780640 0.000000 0.050688 0.000000 0.998715 0.095161 0.095161 0.095161
5616.746582 0.000000 1245.893921 0.000000 0.999861 0.000000 0.016673 0.106386 0.106386 0.106386
5604.759766 0.000000 1264.032471 0.000000 0.613181 0.000000 0.789943 0.097101 0.097101 0.097101
5598.961914 0.000000 1243.617554 0.000000 0.953790 0.000000 -0.300475 0.108608 0.108608 0.108608
5588.994629 0.000000 1245.208984 0.000000 0.439973 0.000000 0.898011 0.096450 0.096450 0.096450
5598.608887 0.000000 1248.195923 0.000000 0.888011 0.000000 -0.459822 0.106924 0.106924 0.106924
5603.200195 0.000000 1255.453247 0.000000 0.834523 0.000000 -0.550973 0.105567 0.105567 0.105567
5621.519043 0.000000 1269.281616 0.000000 0.288312 0.000000 0.957537 0.095931 0.095931 0.095931
5595.635742 0.000000 1265.706665 0.000000 0.995728 0.000000 0.092337 0.099706 0.099706 0.099706
5593.706543 0.000000 1256.295654 0.000000 0.934625 0.000000 -0.355635 0.101157 0.101157 0.101157
5597.958984 0.000000 1252.856567 0.000000 0.991302 0.000000 0.131606 0.103764 0.103764 0.103764
5612.352051 0.000000 1259.917358 0.000000 0.983764 0.000000 0.179470 0.100818 0.100818 0.100818
5621.566895 0.000000 1255.118530 0.000000 0.498720 0.000000 0.866763 0.101806 0.101806 0.101806
5624.639160 0.000000 1247.628540 0.000000 0.997961 0.000000 0.063829 0.105108 0.105108 0.105108
5590.782715 0.000000 1249.959595 0.000000 0.872022 0.000000 -0.489467 0.101628 0.101628 0.101628
5591.068359 0.000000 1247.167358 0.000000 0.835487 0.000000 0.549510 0.098148 0.098148 0.098148
5591.408203 0.000000 1254.494385 0.000000 0.999148 0.000000 -0.041273 0.100131 0.100131 0.100131
5612.127930 0.000000 1270.097534 0.000000 0.939468 0.000000 -0.342636 0.101963 0.101963 0.101963
5628.013184 0.000000 1257.520996 0.000000 0.906551 0.000000 0.422096 0.099442 0.099442 0.099442
5624.473633 0.000000 1250.786987 0.000000 0.975310 0.000000 -0.220839 0.106069 0.106069 0.106069
5601.491699 0.000000 1248.551514 0.000000 0.736389 0.000000 0.676558 0.103378 0.103378 0.103378
5606.824707 0.000000 1247.894165 0.000000 0.535804 0.000000 0.844342 0.104121 0.104121 0.104121
5601.412109 0.000000 1257.613403 0.000000 0.898886 0.000000 0.438183 0.102145 0.102145 0.102145
5625.460938 0.000000 1242.759521 0.000000 0.889665 0.000000 -0.456614 0.107481 0.107481 0.107481
5621.428223 0.000000 1260.497437 0.000000 0.851454 0.000000 -0.524429 0.103752 0.103752 0.103752
5617.394043 0.000000 1267.985962 0.000000 0.655067 0.000000 0.755571 0.098091 0.098091 0.098091
5611.690430 0.000000 1246.220215 0.000000 0.808145 0.000000 0.588984 0.103760 0.103760 0.103760
5605.463867 0.000000 1250.261597 0.000000 0.991719 0.000000 -0.128427 0.106316 0.106316 0.106316
5609.128906 0.000000 1263.521973 0.000000 0.991288 0.000000 0.131713 0.101532 0.101532 0.101532
5615.339355 0.000000 1242.902222 0.000000 0.930348 0.000000 0.366678 0.106278 0.106278 0.106278
5595.678223 0.000000 1247.670410 0.000000 0.003529 0.000000 0.999994 0.099003 0.099003 0.099003
5611.095215 0.000000 1256.974854 0.000000 0.177045 0.000000 0.984203 0.097440 0.097440 0.097440
5629.251953 0.000000 1249.470825 0.000000 0.813425 0.000000 0.581670 0.100495 0.100495 0.100495
5630.948242 0.000000 1244.810425 0.000000 0.762419 0.000000 0.647083 0.101320 0.101320 0.101320
5601.365723 0.000000 1252.831055 0.000000 0.084598 0.000000 0.996415 0.099806 0.099806 0.099806
5609.650879 0.000000 1251.942993 0.000000 0.997988 0.000000 0.063410 0.105669 0.105669 0.105669
5627.739258 0.000000 1247.162842 0.000000 0.441451 0.000000 0.897285 0.101048 0.101048 0.101048
5619.914062 0.000000 1248.444580 0.000000 0.969265 0.000000 0.246017 0.103377 0.103377 0.103377
5620.657715 0.000000 1242.692383 0.000000 0.901777 0.000000 0.432202 0.105481 0.105481 0.105481
5622.385254 0.000000 1246.565308 0.000000 0.229753 0.000000 0.973249 0.100833 0.100833 0.100833
5628.727539 0.000000 1245.150757 0.000000 0.755177 0.000000 0.655521 0.102378 0.102378 0.102378
5623.794922 0.000000 1255.662476 0.000000 0.964433 0.000000 -0.264326 0.106219 0.106219 0.106219
5594.165527 0.000000 1250.914062 0.000000 0.949500 0.000000 0.313768 0.102034 0.102034 0.102034
5622.255859 0.000000 1251.416260 0.000000 0.156615 0.000000 0.987660 0.100583 0.100583 0.100583
5607.465820 0.000000 1252.541992 0.000000 0.984165 0.000000 -0.177254 0.104793 0.104793 0.104793
5608.647949 0.000000 1243.982910 0.000000 0.989507 0.000000 0.144487 0.107067 0.107067 0.107067
5606.792969 0.000000 1245.468262 0.000000 0.373438 0.000000 0.927655 0.104573 0.104573 0.104573
5613.143066 0.000000 1242.958618 0.000000 0.223266 0.000000 0.974758 0.102420 0.102420 0.102420
5601.049316 0.000000 1243.906494 0.000000 0.417322 0.000000 0.908759 0.104199 0.104199 0.104199
5627.529785 0.000000 1243.303223 0.000000 0.665161 0.000000 0.746700 0.103041 0.103041 0.103041
5602.934570 0.000000 1246.225464 0.000000 0.875118 0.000000 -0.483910 0.109862 0.109862 0.109862
5638.215332 0.000000 1178.625122 0.000000 0.999980 0.000000 0.006292 0.099980 0.099980 0.099980
5641.641113 0.000000 1182.875366 0.000000 0.160463 0.000000 0.987042 0.095513 0.095513 0.095513
5633.884766 0.000000 1180.739990 0.000000 0.977999 0.000000 0.208612 0.099331 0.099331 0.099331
5639.437500 0.000000 1184.731079 0.000000 0.813102 0.000000 0.582121 0.098022 0.098022 0.098022
5663.453613 0.000000 1202.901978 0.000000 0.917406 0.000000 0.397953 0.098697 0.098697 0.098697
5652.569336 0.000000 1191.558350 0.000000 0.333986 0.000000 0.942578 0.096084 0.096084 0.096084
5662.236816 0.000000 1238.701782 0.000000 0.995051 0.000000 0.099369 0.099683 0.099683 0.099683
5658.122559 0.000000 1196.980225 0.000000 0.945634 0.000000 0.325232 0.098946 0.098946 0.098946
5662.530273 0.000000 1209.631958 0.000000 0.983871 0.000000 0.178881 0.099428 0.099428 0.099428
5674.009766 0.000000 1241.108521 0.000000 0.907733 0.000000 0.419547 0.098898 0.098898 0.098898
5657.505859 0.000000 1239.943604 0.000000 0.996489 0.000000 0.083730 0.099733 0.099733 0.099733
5658.364746 0.000000 1211.733154 0.000000 0.841323 0.000000 -0.540533 0.101818 0.101818 0.101818
5662.060547 0.000000 1234.326782 0.000000 0.748735 0.000000 0.662869 0.097693 0.097693 0.097693
5665.947754 0.000000 1235.645386 0.000000 0.998130 0.000000 0.061128 0.101762 0.101762 0.101762
5694.419434 0.000000 1228.319214 0.000000 0.948434 0.000000 0.316973 0.098973 0.098973 0.098973
5686.381836 0.000000 1215.499512 0.000000 0.982167 0.000000 0.188009 0.099398 0.099398 0.099398
5647.831543 0.000000 1190.343750 0.000000 0.036277 0.000000 0.999342 0.095115 0.095115 0.095115
5685.013672 0.000000 1220.818237 0.000000 0.986291 0.000000 -0.165018 0.100528 0.100528 0.100528
5680.023926 0.000000 1238.706909 0.000000 0.943789 0.000000 0.330548 0.099759 0.099759 0.099759
5673.322754 0.000000 1234.447510 0.000000 0.539447 0.000000 0.842020 0.098170 0.098170 0.098170
5668.620605 0.000000 1232.880371 0.000000 0.911477 0.000000 0.411351 0.100585 0.100585 0.100585
5662.953613 0.000000 1242.424438 0.000000 0.874070 0.000000 0.485800 0.098385 0.098385 0.098385
5676.412598 0.000000 1228.445557 0.000000 0.128611 0.000000 0.991695 0.097816 0.097816 0.097816
5653.502930 0.000000 1234.491089 0.000000 0.744383 0.000000 0.667753 0.097673 0.097673 0.097673
5655.293457 0.000000 1209.736694 0.000000 0.940269 0.000000 0.340433 0.101387 0.101387 0.101387
5676.376953 0.000000 1232.439575 0.000000 0.999998 0.000000 0.002054 0.101394 0.101394 0.101394
5661.530273 0.000000 1213.464233 0.000000 0.921818 0.000000 0.387624 0.099010 0.099010 0.099010
5683.402344 0.000000 1240.139160 0.000000 0.962376 0.000000 0.271720 0.099957 0.099957 0.099957
5650.190430 0.000000 1195.694092 0.000000 0.960565 0.000000 -0.278057 0.100897 0.100897 0.100897
5661.392090 0.000000 1230.845337 0.000000 0.056816 0.000000 0.998385 0.099180 0.099180 0.099180
5683.634277 0.000000 1228.899780 0.000000 0.522378 0.000000 0.852714 0.096750 0.096750 0.096750
5679.917480 0.000000 1222.953857 0.000000 0.345772 0.000000 0.938319 0.096124 0.096124 0.096124
5687.062500 0.000000 1237.189331 0.000000 0.926743 0.000000 0.375696 0.100157 0.100157 0.100157
5683.759277 0.000000 1217.536743 0.000000 0.110151 0.000000 0.993915 0.095351 0.095351 0.095351
5659.595215 0.000000 1236.695557 0.000000 0.975986 0.000000 0.217835 0.099301 0.099301 0.099301
5677.386719 0.000000 1240.878906 0.000000 0.043299 0.000000 0.999062 0.095138 0.095138 0.095138
5655.836426 0.000000 1236.784790 0.000000 0.919589 0.000000 0.392881 0.098715 0.098715 0.098715
5680.580566 0.000000 1216.612671 0.000000 0.234506 0.000000 0.972115 0.095753 0.095753 0.095753
5644.457520 0.000000 1237.947754 0.000000 0.840854 0.000000 -0.541262 0.101821 0.101821 0.101821
5664.449219 0.000000 1212.167236 0.000000 0.997247 0.000000 -0.074158 0.100236 0.100236 0.100236
5673.967773 0.000000 1215.989746 0.000000 0.942333 0.000000 -0.334677 0.101086 0.101086 0.101086
5636.948730 0.000000 1186.286987 0.000000 0.832796 0.000000 0.553581 0.098407 0.098407 0.098407
5685.860840 0.000000 1234.238281 0.000000 0.975023 0.000000 0.222103 0.101234 0.101234 0.101234
5640.667480 0.000000 1190.951050 0.000000 0.903773 0.000000 -0.428012 0.102828 0.102828 0.102828
5657.916992 0.000000 1230.938110 0.000000 0.137051 0.000000 0.990564 0.098913 0.098913 0.098913
5638.057129 0.000000 1231.109619 0.000000 0.821624 0.000000 -0.570030 0.114208 0.114208 0.114208
5632.042480 0.000000 1186.179199 0.000000 0.685161 0.000000 0.728392 0.100950 0.100950 0.100950
5649.664551 0.000000 1192.827881 0.000000 0.866466 0.000000 -0.499236 0.101664 0.101664 0.101664
5639.437500 0.000000 1241.215454 0.000000 0.047972 0.000000 0.998849 0.095419 0.095419 0.095419
5682.798340 0.000000 1222.853027 0.000000 0.370314 0.000000 0.928907 0.096207 0.096207 0.096207
5649.360840 0.000000 1232.332275 0.000000 0.996210 0.000000 -0.086980 0.104491 0.104491 0.104491
5655.191895 0.000000 1232.062500 0.000000 0.869345 0.000000 0.494205 0.099181 0.099181 0.099181
5644.083496 0.000000 1231.685791 0.000000 0.858468 0.000000 0.512866 0.108472 0.108472 0.108472
5646.604980 0.000000 1233.748901 0.000000 0.316069 0.000000 0.948736 0.102210 0.102210 0.102210
5689.384766 0.000000 1242.423584 0.000000 0.919416 0.000000 0.393287 0.098713 0.098713 0.098713
5657.283691 0.000000 1207.789673 0.000000 0.315926 0.000000 0.948784 0.096023 0.096023 0.096023
5642.564941 0.000000 1188.720825 0.000000 0.881384 0.000000 0.472401 0.098434 0.098434 0.098434
5671.299805 0.000000 1232.551270 0.000000 0.629992 0.000000 0.776602 0.099075 0.099075 0.099075
5671.591309 0.000000 1228.007935 0.000000 0.250959 0.000000 0.967998 0.099833 0.099833 0.099833
5632.090332 0.000000 1189.467529 0.000000 0.995228 0.000000 0.097575 0.106111 0.106111 0.106111
5665.910645 0.000000 1228.494751 0.000000 0.165307 0.000000 0.986242 0.099542 0.099542 0.099542
5667.689941 0.000000 1237.773560 0.000000 0.399664 0.000000 0.916662 0.096309 0.096309 0.096309
5646.686523 0.000000 1200.763306 0.000000 0.987578 0.000000 -0.157130 0.105288 0.105288 0.105288
5675.601562 0.000000 1239.071899 0.000000 0.980490 0.000000 -0.196569 0.100912 0.100912 0.100912
5638.363770 0.000000 1195.684570 0.000000 0.948472 0.000000 -0.316860 0.108101 0.108101 0.108101
5642.235840 0.000000 1229.856079 0.000000 0.812943 0.000000 0.582343 0.111475 0.111475 0.111475
5636.384766 0.000000 1236.944580 0.000000 0.996512 0.000000 -0.083456 0.103355 0.103355 0.103355
5652.436035 0.000000 1228.443726 0.000000 0.831401 0.000000 0.555673 0.107745 0.107745 0.107745
5659.698730 0.000000 1232.671265 0.000000 0.899943 0.000000 0.436007 0.099392 0.099392 0.099392
5634.311035 0.000000 1222.782959 0.000000 0.716973 0.000000 0.697100 0.112026 0.112026 0.112026
5634.552734 0.000000 1242.248047 0.000000 0.258384 0.000000 0.966042 0.097711 0.097711 0.097711
5646.401855 0.000000 1227.867676 0.000000 0.939852 0.000000 -0.341583 0.116687 0.116687 0.116687
5678.782227 0.000000 1228.235962 0.000000 0.753614 0.000000 0.657318 0.099633 0.099633 0.099633
5660.944336 0.000000 1222.039307 0.000000 0.864877 0.000000 0.501985 0.103008 0.103008 0.103008
5645.487793 0.000000 1196.188599 0.000000 0.999114 0.000000 -0.042083 0.103219 0.103219 0.103219
5685.005371 0.000000 1238.367065 0.000000 0.992114 0.000000 0.125337 0.100995 0.100995 0.100995
5636.602051 0.000000 1188.777710 0.000000 0.999732 0.000000 0.023165 0.103005 0.103005 0.103005
5638.070312 0.000000 1193.211792 0.000000 0.998354 0.000000 -0.057359 0.106076 0.106076 0.106076
5661.291016 0.000000 1228.514404 0.000000 0.969798 0.000000 -0.243908 0.105584 0.105584 0.105584
5651.253418 0.000000 1233.758545 0.000000 0.950149 0.000000 -0.311796 0.104122 0.104122 0.104122
5638.475098 0.000000 1200.762573 0.000000 0.954351 0.000000 0.298687 0.110963 0.110963 0.110963
5663.330566 0.000000 1218.593018 0.000000 0.871293 0.000000 -0.490764 0.104195 0.104195 0.104195
5659.203125 0.000000 1225.489624 0.000000 0.923459 0.000000 -0.383697 0.108911 0.108911 0.108911
5667.522949 0.000000 1230.817749 0.000000 0.030350 0.000000 0.999539 0.098560 0.098560 0.098560
5634.026855 0.000000 1234.798096 0.000000 0.998090 0.000000 0.061776 0.105674 0.105674 0.105674
5637.729492 0.000000 1228.200684 0.000000 0.999603 0.000000 -0.028169 0.113267 0.113267 0.113267
5643.263184 0.000000 1222.734253 0.000000 0.854527 0.000000 -0.519407 0.122542 0.122542 0.122542
5633.042969 0.000000 1218.672974 0.000000 0.931663 0.000000 -0.363323 0.115072 0.115072 0.115072
5649.493164 0.000000 1230.144653 0.000000 0.985664 0.000000 -0.168720 0.109270 0.109270 0.109270
5663.005371 0.000000 1221.076538 0.000000 0.399589 0.000000 0.916695 0.099816 0.099816 0.099816
5640.237305 0.000000 1234.198486 0.000000 0.923475 0.000000 0.383659 0.105108 0.105108 0.105108
5635.385254 0.000000 1224.606323 0.000000 0.984833 0.000000 -0.173503 0.114357 0.114357 0.114357
5634.199219 0.000000 1193.284180 0.000000 0.408114 0.000000 0.912931 0.104704 0.104704 0.104704
5652.821777 0.000000 1217.282837 0.000000 0.834057 0.000000 -0.551678 0.116982 0.116982 0.116982
5633.654297 0.000000 1200.530029 0.000000 0.763843 0.000000 0.645402 0.109543 0.109543 0.109543
5656.887695 0.000000 1227.772095 0.000000 0.906075 0.000000 -0.423118 0.109627 0.109627 0.109627
5641.808105 0.000000 1227.338989 0.000000 0.873577 0.000000 -0.486687 0.117843 0.117843 0.117843
5635.099121 0.000000 1212.873535 0.000000 0.953090 0.000000 0.302686 0.113722 0.113722 0.113722
5653.422363 0.000000 1210.526733 0.000000 0.167307 0.000000 0.985905 0.103296 0.103296 0.103296
5650.979980 0.000000 1226.185669 0.000000 0.140805 0.000000 0.990037 0.108016 0.108016 0.108016
5637.572266 0.000000 1233.102661 0.000000 0.966363 0.000000 -0.257182 0.109583 0.109583 0.109583
5636.035156 0.000000 1192.391602 0.000000 0.047191 0.000000 0.998886 0.102347 0.102347 0.102347
5642.234863 0.000000 1233.617798 0.000000 0.272703 0.000000 0.962098 0.104205 0.104205 0.104205
5654.911621 0.000000 1227.161499 0.000000 0.694334 0.000000 0.719653 0.106996 0.106996 0.106996
5654.604004 0.000000 1224.701538 0.000000 0.466642 0.000000 0.884447 0.107633 0.107633 0.107633
5647.228516 0.000000 1213.184082 0.000000 0.997935 0.000000 0.064225 0.116288 0.116288 0.116288
5636.789062 0.000000 1220.028809 0.000000 0.318749 0.000000 0.947839 0.113518 0.113518 0.113518
5640.076660 0.000000 1230.225220 0.000000 0.912448 0.000000 0.409193 0.111647 0.111647 0.111647
5644.080078 0.000000 1217.460693 0.000000 0.986297 0.000000 0.164977 0.120370 0.120370 0.120370
5632.144043 0.000000 1214.572144 0.000000 0.933244 0.000000 -0.359243 0.116189 0.116189 0.116189
5647.325195 0.000000 1221.180298 0.000000 0.879700 0.000000 0.475529 0.119100 0.119100 0.119100
5653.008301 0.000000 1215.276978 0.000000 0.291939 0.000000 0.956437 0.108037 0.108037 0.108037
5636.483887 0.000000 1215.920532 0.000000 0.987720 0.000000 0.156232 0.117617 0.117617 0.117617
5636.189941 0.000000 1231.335205 0.000000 0.991906 0.000000 -0.126974 0.111374 0.111374 0.111374
5633.726074 0.000000 1229.076294 0.000000 0.003941 0.000000 0.999992 0.106457 0.106457 0.106457
5642.704590 0.000000 1208.914429 0.000000 0.974159 0.000000 -0.225864 0.115679 0.115679 0.115679
5640.309570 0.000000 1214.965088 0.000000 0.738972 0.000000 0.673737 0.117614 0.117614 0.117614
5637.832520 0.000000 1218.037598 0.000000 0.508963 0.000000 0.860788 0.114848 0.114848 0.114848
5640.859375 0.000000 1223.658936 0.000000 0.000691 0.000000 1.000000 0.114961 0.114961 0.114961
5642.780273 0.000000 1220.955688 0.000000 0.995870 0.000000 -0.090793 0.122482 0.122482 0.122482
5635.095703 0.000000 1201.621948 0.000000 0.958649 0.000000 -0.284590 0.113074 0.113074 0.113074
5644.773926 0.000000 1220.355957 0.000000 0.600726 0.000000 0.799455 0.119071 0.119071 0.119071
5637.351074 0.000000 1224.297852 0.000000 0.344406 0.000000 0.938821 0.110389 0.110389 0.110389
5646.389648 0.000000 1223.956299 0.000000 0.904558 0.000000 0.426350 0.119864 0.119864 0.119864
5653.609863 0.000000 1218.820923 0.000000 0.106680 0.000000 0.994293 0.110563 0.110563 0.110563
5649.862305 0.000000 1222.499268 0.000000 0.669616 0.000000 0.742708 0.116693 0.116693 0.116693
5640.280273 0.000000 1220.402832 0.000000 0.999583 0.000000 -0.028872 0.122241 0.122241 0.122241
5651.881836 0.000000 1224.709351 0.000000 0.878941 0.000000 0.476931 0.114683 0.114683 0.114683
5642.416504 0.000000 1217.856079 0.000000 0.951310 0.000000 0.308235 0.120911 0.120911 0.120911
5643.461426 0.000000 1213.766357 0.000000 0.775646 0.000000 0.631168 0.115089 0.115089 0.115089
5649.688477 0.000000 1214.398682 0.000000 0.907699 0.000000 0.419621 0.115473 0.115473 0.115473
5645.306641 0.000000 1210.723389 0.000000 0.443085 0.000000 0.896479 0.112403 0.112403 0.112403
5639.546875 0.000000 1217.476685 0.000000 0.965979 0.000000 0.258621 0.118890 0.118890 0.118890
5647.736328 0.000000 1216.933105 0.000000 0.379438 0.000000 0.925217 0.115918 0.115918 0.115918
5647.974609 0.000000 1219.731812 0.000000 0.297617 0.000000 0.954685 0.116122 0.116122 0.116122
5645.021484 0.000000 1218.800903 0.000000 0.537347 0.000000 0.843361 0.117685 0.117685 0.117685
5717.705078 0.000000 1213.039551 0.000000 0.741283 0.000000 0.671193 0.097658 0.097658 0.097658
5697.318848 0.000000 1225.060303 0.000000 0.987536 0.000000 -0.157392 0.100503 0.100503 0.100503
5734.230957 0.000000 1224.700928 0.000000 0.066377 0.000000 0.997795 0.095211 0.095211 0.095211
5710.007324 0.000000 1217.062134 0.000000 0.673898 0.000000 0.738825 0.097354 0.097354 0.097354
5696.254883 0.000000 1233.312744 0.000000 0.811386 0.000000 -0.584510 0.101987 0.101987 0.101987
5726.236816 0.000000 1238.701782 0.000000 0.458021 0.000000 0.888941 0.096514 0.096514 0.096514
5718.478027 0.000000 1221.065186 0.000000 0.999893 0.000000 0.014642 0.099953 0.099953 0.099953
5700.032715 0.000000 1217.783447 0.000000 0.849167 0.000000 0.528124 0.098229 0.098229 0.098229
5703.979980 0.000000 1228.307129 0.000000 0.999628 0.000000 0.027275 0.099913 0.099913 0.099913
5705.203613 0.000000 1221.872681 0.000000 0.976340 0.000000 -0.216241 0.100694 0.100694 0.100694
5721.621582 0.000000 1234.046753 0.000000 0.908550 0.000000 0.417776 0.098628 0.098628 0.098628
5710.953125 0.000000 1240.143555 0.000000 0.890500 0.000000 -0.454984 0.101504 0.101504 0.101504
5705.641113 0.000000 1239.359741 0.000000 0.998325 0.000000 -0.057860 0.100184 0.100184 0.100184
5699.505371 0.000000 1229.598022 0.000000 0.652094 0.000000 0.758138 0.097261 0.097261 0.097261
5697.884766 0.000000 1237.224365 0.000000 0.509482 0.000000 0.860481 0.096702 0.096702 0.096702
5696.163086 0.000000 1220.918457 0.000000 0.376448 0.000000 0.926438 0.096229 0.096229 0.096229
5677.516602 0.000000 1257.389526 0.000000 0.220789 0.000000 0.975322 0.095709 0.095709 0.095709
5660.793945 0.000000 1245.498047 0.000000 0.787468 0.000000 0.616355 0.097886 0.097886 0.097886
5687.638184 0.000000 1258.399658 0.000000 0.294324 0.000000 0.955706 0.095951 0.095951 0.095951
5681.519043 0.000000 1248.985840 0.000000 0.903895 0.000000 0.427755 0.098593 0.098593 0.098593
5695.958008 0.000000 1263.555298 0.000000 0.431142 0.000000 0.902284 0.096419 0.096419 0.096419
5669.432617 0.000000 1253.683350 0.000000 0.954162 0.000000 0.299290 0.099033 0.099033 0.099033
5666.900879 0.000000 1242.720947 0.000000 0.355296 0.000000 0.934754 0.096156 0.096156 0.096156
5646.873047 0.000000 1250.703369 0.000000 0.946562 0.000000 0.322522 0.098955 0.098955 0.098955
5693.292480 0.000000 1255.215210 0.000000 0.958125 0.000000 0.286349 0.099076 0.099076 0.099076
5655.491699 0.000000 1243.287720 0.000000 0.958865 0.000000 -0.283863 0.100916 0.100916 0.100916
5677.943359 0.000000 1245.011230 0.000000 0.112013 0.000000 0.993707 0.095357 0.095357 0.095357
5682.842773 0.000000 1260.526245 0.000000 0.294687 0.000000 0.955594 0.095952 0.095952 0.095952
5668.045898 0.000000 1247.931152 0.000000 0.025095 0.000000 0.999685 0.095080 0.095080 0.095080
5687.531250 0.000000 1253.259888 0.000000 0.964241 0.000000 0.265029 0.099146 0.099146 0.099146
5650.283691 0.000000 1243.788940 0.000000 0.920216 0.000000 -0.391411 0.101280 0.101280 0.101280
5672.763184 0.000000 1257.778442 0.000000 0.797861 0.000000 0.602841 0.097940 0.097940 0.097940
5686.173828 0.000000 1248.840454 0.000000 0.987248 0.000000 0.159192 0.099491 0.099491 0.099491
5682.318359 0.000000 1242.862183 0.000000 0.935024 0.000000 0.354585 0.099123 0.099123 0.099123
5693.524414 0.000000 1259.725952 0.000000 0.329324 0.000000 0.944217 0.096068 0.096068 0.096068
5636.047852 0.000000 1251.006348 0.000000 0.999121 0.000000 -0.041920 0.100133 0.100133 0.100133
5672.015625 0.000000 1250.284790 0.000000 0.376653 0.000000 0.926354 0.096229 0.096229 0.096229
5637.119141 0.000000 1259.090454 0.000000 0.999985 0.000000 -0.005489 0.100017 0.100017 0.100017
5694.270020 0.000000 1247.087646 0.000000 0.402664 0.000000 0.915348 0.096319 0.096319 0.096319
5632.514160 0.000000 1258.737061 0.000000 0.858836 0.000000 -0.512251 0.101712 0.101712 0.101712
5694.624512 0.000000 1251.476440 0.000000 0.403325 0.000000 0.915057 0.096321 0.096321 0.096321
5690.385254 0.000000 1245.248291 0.000000 0.907988 0.000000 -0.418997 0.101376 0.101376 0.101376
5674.673340 0.000000 1242.800171 0.000000 0.389655 0.000000 0.920961 0.096274 0.096274 0.096274
5678.042969 0.000000 1248.510864 0.000000 0.530564 0.000000 0.847645 0.096780 0.096780 0.096780
5684.003906 0.000000 1245.983765 0.000000 0.999680 0.000000 -0.025283 0.100361 0.100361 0.100361
5684.014648 0.000000 1251.499512 0.000000 0.842031 0.000000 0.539429 0.098186 0.098186 0.098186
5674.835938 0.000000 1248.662476 0.000000 0.969678 0.000000 -0.244386 0.100786 0.100786 0.100786
5636.948730 0.000000 1242.771362 0.000000 0.999517 0.000000 0.031086 0.100181 0.100181 0.100181
5634.356934 0.000000 1247.554443 0.000000 0.479985 0.000000 0.877276 0.096864 0.096864 0.096864
5635.820801 0.000000 1256.461670 0.000000 0.993093 0.000000 -0.117328 0.100374 0.100374 0.100374
5633.451660 0.000000 1252.048706 0.000000 0.974687 0.000000 -0.223576 0.100718 0.100718 0.100718
5688.639160 0.000000 1247.628540 0.000000 0.995222 0.000000 0.097635 0.099689 0.099689 0.099689
5632.090332 0.000000 1245.951904 0.000000 0.904100 0.000000 0.427320 0.102185 0.102185 0.102185
5689.460938 0.000000 1242.759521 0.000000 0.639336 0.000000 0.768927 0.097208 0.097208 0.097208
5679.339355 0.000000 1242.902222 0.000000 0.418080 0.000000 0.908410 0.096643 0.096643 0.096643
5737.563477 0.000000 1269.147217 0.000000 0.751950 0.000000 0.659221 0.097709 0.097709 0.097709
5704.407715 0.000000 1250.468628 0.000000 0.912376 0.000000 0.409354 0.098658 0.098658 0.098658
5733.432617 0.000000 1253.683350 0.000000 0.974507 0.000000 0.224356 0.099280 0.099280 0.099280
5722.122559 0.000000 1253.464600 0.000000 0.292822 0.000000 0.956167 0.095946 0.095946 0.095946
5719.491699 0.000000 1243.287720 0.000000 0.572757 0.000000 0.819726 0.096941 0.096941 0.096941
5696.098633 0.000000 1249.605225 0.000000 0.884693 0.000000 0.466174 0.098456 0.098456 0.098456
5703.914551 0.000000 1244.493164 0.000000 0.728408 0.000000 0.685144 0.097597 0.097597 0.097597
5714.283691 0.000000 1243.788940 0.000000 0.910461 0.000000 -0.413596 0.101357 0.101357 0.101357
"}
object={
	name="bush_01_generator_2_1"
	clamp_to_water_level=no
	render_under_water=no
	generated_content=yes
	layer="semidynamic_high"
	pdxmesh="tree_bush_02_mesh"
	count=181
	transform="2926.671387 0.000000 3492.001465 0.000000 0.119503 0.000000 -0.992834 0.123081 0.123081 0.123081
2920.388184 0.000000 3495.548584 0.000000 0.609423 0.000000 -0.792845 0.117039 0.117039 0.117039
2925.470459 0.000000 3492.831299 0.000000 0.440731 0.000000 -0.897639 0.136903 0.136903 0.136903
2923.551025 0.000000 3495.254150 0.000000 0.376056 0.000000 -0.926597 0.200569 0.200569 0.200569
5629.248047 0.000000 1175.689575 0.000000 0.797225 0.000000 -0.603683 0.102063 0.102063 0.102063
5615.868652 0.000000 1178.098511 0.000000 0.440207 0.000000 -0.897896 0.103549 0.103549 0.103549
5629.507812 0.000000 1179.464233 0.000000 0.083425 0.000000 -0.996514 0.104734 0.104734 0.104734
5625.384766 0.000000 1185.939209 0.000000 0.208413 0.000000 -0.978041 0.105208 0.105208 0.105208
5562.544434 0.000000 1226.594971 0.000000 0.686491 0.000000 -0.727139 0.102592 0.102592 0.102592
5586.127930 0.000000 1199.447876 0.000000 0.769364 0.000000 -0.638811 0.102206 0.102206 0.102206
5575.979980 0.000000 1228.307129 0.000000 0.516323 0.000000 -0.856394 0.103273 0.103273 0.103273
5577.203613 0.000000 1221.872681 0.000000 0.629812 0.000000 -0.776747 0.102831 0.102831 0.102831
5589.668945 0.000000 1195.960815 0.000000 0.618743 0.000000 -0.785594 0.102876 0.102876 0.102876
5599.334473 0.000000 1227.157349 0.000000 0.207355 0.000000 -0.978266 0.111642 0.111642 0.111642
5616.023926 0.000000 1238.706909 0.000000 0.219501 0.000000 -0.975612 0.112183 0.112183 0.112183
5629.507812 0.000000 1235.948608 0.000000 0.756847 0.000000 -0.653592 0.109429 0.109429 0.109429
5606.686523 0.000000 1186.477661 0.000000 0.507799 0.000000 -0.861475 0.103305 0.103305 0.103305
5602.735840 0.000000 1225.824951 0.000000 0.577001 0.000000 -0.816743 0.110835 0.110835 0.110835
5627.981445 0.000000 1241.391113 0.000000 0.417791 0.000000 -0.908543 0.110304 0.110304 0.110304
5596.431641 0.000000 1193.679688 0.000000 0.768535 0.000000 -0.639808 0.102210 0.102210 0.102210
5595.595215 0.000000 1236.695557 0.000000 0.548789 0.000000 -0.835961 0.107485 0.107485 0.107485
5609.064941 0.000000 1237.877441 0.000000 0.056333 0.000000 -0.998412 0.113335 0.113335 0.113335
5613.386719 0.000000 1240.878906 0.000000 0.403008 0.000000 -0.915197 0.111521 0.111521 0.111521
5602.857422 0.000000 1215.300781 0.000000 0.280044 0.000000 -0.959987 0.111386 0.111386 0.111386
5591.836426 0.000000 1236.784790 0.000000 0.755798 0.000000 -0.654804 0.102559 0.102559 0.102559
5609.967773 0.000000 1215.989746 0.000000 0.440793 0.000000 -0.897609 0.109638 0.109638 0.109638
5621.860840 0.000000 1234.238281 0.000000 0.042111 0.000000 -0.999113 0.110447 0.110447 0.110447
5619.016113 0.000000 1207.022949 0.000000 0.519585 0.000000 -0.854419 0.111649 0.111649 0.111649
5616.746582 0.000000 1189.409546 0.000000 0.440468 0.000000 -0.897768 0.105578 0.105578 0.105578
5589.934570 0.000000 1240.983887 0.000000 0.623863 0.000000 -0.781534 0.102856 0.102856 0.102856
5604.759766 0.000000 1207.548096 0.000000 0.152298 0.000000 -0.988335 0.109490 0.109490 0.109490
5596.380371 0.000000 1241.022217 0.000000 0.019426 0.000000 -0.999811 0.112287 0.112287 0.112287
5592.795410 0.000000 1214.084106 0.000000 0.272550 0.000000 -0.962142 0.106746 0.106746 0.106746
5603.200195 0.000000 1198.968872 0.000000 0.152795 0.000000 -0.988258 0.108317 0.108317 0.108317
5595.635742 0.000000 1209.222290 0.000000 0.402127 0.000000 -0.915584 0.106877 0.106877 0.106877
5596.947754 0.000000 1216.243652 0.000000 0.692086 0.000000 -0.721815 0.108026 0.108026 0.108026
5593.706543 0.000000 1199.811279 0.000000 0.290397 0.000000 -0.956906 0.104062 0.104062 0.104062
5624.639160 0.000000 1191.144165 0.000000 0.085360 0.000000 -0.996350 0.112649 0.112649 0.112649
5615.447754 0.000000 1198.857544 0.000000 0.525892 0.000000 -0.850551 0.109888 0.109888 0.109888
5606.824707 0.000000 1191.409790 0.000000 0.635538 0.000000 -0.772069 0.103096 0.103096 0.103096
5601.910645 0.000000 1228.494751 0.000000 0.030313 0.000000 -0.999540 0.113425 0.113425 0.113425
5613.942871 0.000000 1208.112793 0.000000 0.727478 0.000000 -0.686131 0.108431 0.108431 0.108431
5606.646484 0.000000 1218.329102 0.000000 0.547183 0.000000 -0.837013 0.110959 0.110959 0.110959
5611.601562 0.000000 1239.071899 0.000000 0.332625 0.000000 -0.943059 0.113527 0.113527 0.113527
5600.544434 0.000000 1233.503418 0.000000 0.806297 0.000000 -0.591510 0.110302 0.110302 0.110302
5611.690430 0.000000 1189.735840 0.000000 0.619832 0.000000 -0.784735 0.102872 0.102872 0.102872
5609.128906 0.000000 1207.037598 0.000000 0.631674 0.000000 -0.775235 0.108872 0.108872 0.108872
5621.633789 0.000000 1223.229126 0.000000 0.285722 0.000000 -0.958313 0.110783 0.110783 0.110783
5631.697754 0.000000 1230.895996 0.000000 0.548336 0.000000 -0.836258 0.112110 0.112110 0.112110
5601.641602 0.000000 1204.250488 0.000000 0.098950 0.000000 -0.995092 0.108497 0.108497 0.108497
5624.742188 0.000000 1216.065796 0.000000 0.744548 0.000000 -0.667569 0.110066 0.110066 0.110066
5594.245605 0.000000 1204.683716 0.000000 0.714817 0.000000 -0.699311 0.103900 0.103900 0.103900
5621.005371 0.000000 1238.367065 0.000000 0.774824 0.000000 -0.632177 0.108761 0.108761 0.108761
5622.180664 0.000000 1210.022095 0.000000 0.482062 0.000000 -0.876137 0.111798 0.111798 0.111798
5600.330078 0.000000 1240.469360 0.000000 0.324404 0.000000 -0.945919 0.112392 0.112392 0.112392
5617.129395 0.000000 1236.577759 0.000000 0.757846 0.000000 -0.652434 0.110570 0.110570 0.110570
5596.838379 0.000000 1211.239258 0.000000 0.460553 0.000000 -0.887632 0.107824 0.107824 0.107824
5611.596680 0.000000 1234.713379 0.000000 0.366163 0.000000 -0.930551 0.114565 0.114565 0.114565
5631.163574 0.000000 1218.846436 0.000000 0.766928 0.000000 -0.641733 0.113957 0.113957 0.113957
5599.330566 0.000000 1218.593018 0.000000 0.684626 0.000000 -0.728895 0.108635 0.108635 0.108635
5622.385254 0.000000 1190.080933 0.000000 0.609084 0.000000 -0.793106 0.108969 0.108969 0.108969
5615.645996 0.000000 1193.869873 0.000000 0.330628 0.000000 -0.943761 0.108876 0.108876 0.108876
5595.203125 0.000000 1225.489624 0.000000 0.096116 0.000000 -0.995370 0.108506 0.108506 0.108506
5604.144531 0.000000 1235.133301 0.000000 0.094862 0.000000 -0.995490 0.114376 0.114376 0.114376
5626.561523 0.000000 1217.931152 0.000000 0.167690 0.000000 -0.985840 0.112950 0.112950 0.112950
5607.465820 0.000000 1196.057617 0.000000 0.056979 0.000000 -0.998375 0.109223 0.109223 0.109223
5617.424316 0.000000 1224.588379 0.000000 0.242469 0.000000 -0.970159 0.110935 0.110935 0.110935
5606.962402 0.000000 1230.351807 0.000000 0.528628 0.000000 -0.848854 0.114504 0.114504 0.114504
5618.103516 0.000000 1234.504761 0.000000 0.537430 0.000000 -0.843308 0.109842 0.109842 0.109842
5607.778320 0.000000 1242.006836 0.000000 0.054735 0.000000 -0.998501 0.114515 0.114515 0.114515
5613.747070 0.000000 1234.863403 0.000000 0.717260 0.000000 -0.696805 0.113646 0.113646 0.113646
5610.281250 0.000000 1228.383667 0.000000 0.367629 0.000000 -0.929972 0.113978 0.113978 0.113978
5611.060059 0.000000 1220.305420 0.000000 0.610003 0.000000 -0.792399 0.110118 0.110118 0.110118
5613.585449 0.000000 1196.604980 0.000000 0.277590 0.000000 -0.960700 0.110228 0.110228 0.110228
5625.678223 0.000000 1201.293457 0.000000 0.456797 0.000000 -0.889571 0.113056 0.113056 0.113056
5613.537598 0.000000 1226.561523 0.000000 0.321255 0.000000 -0.946993 0.114151 0.114151 0.114151
5608.389160 0.000000 1239.802246 0.000000 0.669688 0.000000 -0.742642 0.111004 0.111004 0.111004
5606.819824 0.000000 1238.423584 0.000000 0.659617 0.000000 -0.751602 0.111626 0.111626 0.111626
5629.282227 0.000000 1230.127075 0.000000 0.370013 0.000000 -0.929027 0.113388 0.113388 0.113388
5618.709961 0.000000 1200.261719 0.000000 0.624336 0.000000 -0.781156 0.111209 0.111209 0.111209
5621.177734 0.000000 1196.692261 0.000000 0.395120 0.000000 -0.918630 0.112131 0.112131 0.112131
5630.854492 0.000000 1212.755249 0.000000 0.795983 0.000000 -0.605319 0.114364 0.114364 0.114364
5622.302246 0.000000 1200.459351 0.000000 0.715240 0.000000 -0.698879 0.111935 0.111935 0.111935
5631.825195 0.000000 1199.424561 0.000000 0.306637 0.000000 -0.951826 0.115953 0.115953 0.115953
5628.771484 0.000000 1223.255981 0.000000 0.389955 0.000000 -0.920834 0.114475 0.114475 0.114475
5562.807129 0.000000 1249.310791 0.000000 0.024413 0.000000 -0.999702 0.104922 0.104922 0.104922
5576.407715 0.000000 1250.468628 0.000000 0.186694 0.000000 -0.982418 0.104402 0.104402 0.104402
5624.550781 0.000000 1275.515381 0.000000 0.204689 0.000000 -0.978827 0.104344 0.104344 0.104344
5620.365234 0.000000 1281.922485 0.000000 0.777362 0.000000 -0.629053 0.102166 0.102166 0.102166
5594.709961 0.000000 1279.696167 0.000000 0.731260 0.000000 -0.682099 0.102389 0.102389 0.102389
5597.237305 0.000000 1276.178467 0.000000 0.220378 0.000000 -0.975415 0.104293 0.104293 0.104293
5613.311035 0.000000 1277.006104 0.000000 0.432118 0.000000 -0.901817 0.103578 0.103578 0.103578
5621.013672 0.000000 1277.302612 0.000000 0.399836 0.000000 -0.916587 0.103691 0.103691 0.103691
5626.385254 0.000000 1245.248291 0.000000 0.620067 0.000000 -0.784549 0.107770 0.107770 0.107770
5619.863281 0.000000 1267.028931 0.000000 0.029407 0.000000 -0.999568 0.104906 0.104906 0.104906
5586.190430 0.000000 1252.178467 0.000000 0.091975 0.000000 -0.995761 0.104707 0.104707 0.104707
5616.918945 0.000000 1257.642456 0.000000 0.184344 0.000000 -0.982862 0.108212 0.108212 0.108212
5626.028320 0.000000 1255.754883 0.000000 0.392998 0.000000 -0.919539 0.106910 0.106910 0.106910
5616.580566 0.000000 1273.097046 0.000000 0.801980 0.000000 -0.597351 0.102038 0.102038 0.102038
5609.967773 0.000000 1272.474121 0.000000 0.723619 0.000000 -0.690199 0.102425 0.102425 0.102425
5598.952637 0.000000 1262.168579 0.000000 0.038302 0.000000 -0.999266 0.104878 0.104878 0.104878
5606.337891 0.000000 1256.392456 0.000000 0.585940 0.000000 -0.810355 0.106181 0.106181 0.106181
5604.575195 0.000000 1245.045288 0.000000 0.364761 0.000000 -0.931101 0.113408 0.113408 0.113408
5604.029297 0.000000 1261.208984 0.000000 0.297241 0.000000 -0.954803 0.106079 0.106079 0.106079
5606.469727 0.000000 1269.250244 0.000000 0.011561 0.000000 -0.999933 0.105257 0.105257 0.105257
5615.447754 0.000000 1255.341919 0.000000 0.586684 0.000000 -0.809816 0.106178 0.106178 0.106178
5613.942871 0.000000 1264.597168 0.000000 0.772701 0.000000 -0.634770 0.103048 0.103048 0.103048
5606.385742 0.000000 1259.501221 0.000000 0.215685 0.000000 -0.976463 0.106353 0.106353 0.106353
5601.641602 0.000000 1260.734863 0.000000 0.653480 0.000000 -0.756943 0.104747 0.104747 0.104747
5616.587891 0.000000 1262.909546 0.000000 0.087997 0.000000 -0.996121 0.106186 0.106186 0.106186
5598.816895 0.000000 1257.093994 0.000000 0.461888 0.000000 -0.886938 0.106080 0.106080 0.106080
5617.687988 0.000000 1251.608765 0.000000 0.533896 0.000000 -0.845550 0.107544 0.107544 0.107544
5615.645996 0.000000 1250.354248 0.000000 0.740932 0.000000 -0.671580 0.106071 0.106071 0.106071
5624.246582 0.000000 1245.513184 0.000000 0.524550 0.000000 -0.851380 0.109315 0.109315 0.109315
5670.893555 0.000000 1205.619263 0.000000 0.700067 0.000000 -0.714077 0.102532 0.102532 0.102532
5666.932617 0.000000 1240.248779 0.000000 0.176074 0.000000 -0.984377 0.104437 0.104437 0.104437
5659.131348 0.000000 1202.293091 0.000000 0.231344 0.000000 -0.972872 0.104257 0.104257 0.104257
5659.932617 0.000000 1206.441528 0.000000 0.511875 0.000000 -0.859060 0.103290 0.103290 0.103290
5679.868652 0.000000 1234.582886 0.000000 0.147149 0.000000 -0.989114 0.105994 0.105994 0.105994
5691.981445 0.000000 1241.391113 0.000000 0.061287 0.000000 -0.998120 0.104805 0.104805 0.104805
5670.346680 0.000000 1240.429565 0.000000 0.152015 0.000000 -0.988378 0.104514 0.104514 0.104514
5673.064941 0.000000 1237.877441 0.000000 0.491091 0.000000 -0.871108 0.104814 0.104814 0.104814
5638.507812 0.000000 1238.263062 0.000000 0.789293 0.000000 -0.614017 0.102962 0.102962 0.102962
5641.278320 0.000000 1236.255493 0.000000 0.568329 0.000000 -0.822801 0.105097 0.105097 0.105097
5652.094727 0.000000 1201.572754 0.000000 0.225236 0.000000 -0.974304 0.104277 0.104277 0.104277
5665.062500 0.000000 1238.245850 0.000000 0.625255 0.000000 -0.780420 0.102850 0.102850 0.102850
5670.646484 0.000000 1218.329102 0.000000 0.153326 0.000000 -0.988176 0.104510 0.104510 0.104510
5664.544434 0.000000 1233.503418 0.000000 0.673934 0.000000 -0.738791 0.105234 0.105234 0.105234
5634.575684 0.000000 1227.298950 0.000000 0.712083 0.000000 -0.702095 0.115395 0.115395 0.115395
5675.659668 0.000000 1222.351562 0.000000 0.593750 0.000000 -0.804650 0.104419 0.104419 0.104419
5655.935547 0.000000 1223.227051 0.000000 0.036139 0.000000 -0.999347 0.118693 0.118693 0.118693
5633.118652 0.000000 1230.901978 0.000000 0.040959 0.000000 -0.999161 0.114563 0.114563 0.114563
5668.952637 0.000000 1226.648804 0.000000 0.000235 0.000000 -1.000000 0.109999 0.109999 0.109999
5634.269043 0.000000 1239.605713 0.000000 0.348745 0.000000 -0.937218 0.108812 0.108812 0.108812
5663.373535 0.000000 1229.604980 0.000000 0.286583 0.000000 -0.958055 0.109031 0.109031 0.109031
5659.443848 0.000000 1218.436890 0.000000 0.344377 0.000000 -0.938832 0.110574 0.110574 0.110574
5664.607910 0.000000 1225.262573 0.000000 0.564763 0.000000 -0.825253 0.107999 0.107999 0.107999
5638.953125 0.000000 1221.782104 0.000000 0.568293 0.000000 -0.822826 0.123576 0.123576 0.123576
5638.997070 0.000000 1226.428833 0.000000 0.114965 0.000000 -0.993370 0.120753 0.120753 0.120753
5645.139648 0.000000 1229.716553 0.000000 0.292840 0.000000 -0.956161 0.118919 0.118919 0.118919
5640.722168 0.000000 1218.690918 0.000000 0.734302 0.000000 -0.678823 0.123882 0.123882 0.123882
5632.597656 0.000000 1206.639160 0.000000 0.508551 0.000000 -0.861032 0.115166 0.115166 0.115166
5649.033691 0.000000 1226.132690 0.000000 0.602269 0.000000 -0.798294 0.118225 0.118225 0.118225
5647.799805 0.000000 1229.235718 0.000000 0.033051 0.000000 -0.999454 0.119292 0.119292 0.119292
5643.557617 0.000000 1226.119629 0.000000 0.688472 0.000000 -0.725263 0.119536 0.119536 0.119536
5645.340332 0.000000 1226.398682 0.000000 0.045596 0.000000 -0.998960 0.123359 0.123359 0.123359
5634.681152 0.000000 1208.390381 0.000000 0.758002 0.000000 -0.652252 0.115152 0.115152 0.115152
5644.062012 0.000000 1207.477295 0.000000 0.785922 0.000000 -0.618326 0.114994 0.114994 0.114994
5640.404785 0.000000 1206.599731 0.000000 0.235635 0.000000 -0.971842 0.118551 0.118551 0.118551
5650.362793 0.000000 1218.808472 0.000000 0.109173 0.000000 -0.994023 0.124292 0.124292 0.124292
5634.335449 0.000000 1217.401855 0.000000 0.541293 0.000000 -0.840834 0.120231 0.120231 0.120231
5640.953125 0.000000 1212.102539 0.000000 0.808794 0.000000 -0.588091 0.120001 0.120001 0.120001
5648.583984 0.000000 1224.527954 0.000000 0.682255 0.000000 -0.731115 0.121292 0.121292 0.121292
5641.880371 0.000000 1219.690430 0.000000 0.223164 0.000000 -0.974781 0.126192 0.126192 0.126192
5703.671387 0.000000 1211.028442 0.000000 0.056577 0.000000 -0.998398 0.104820 0.104820 0.104820
5711.130859 0.000000 1225.543701 0.000000 0.226995 0.000000 -0.973896 0.104271 0.104271 0.104271
5722.979980 0.000000 1228.004639 0.000000 0.448059 0.000000 -0.894004 0.103521 0.103521 0.103521
5707.959473 0.000000 1234.662720 0.000000 0.392788 0.000000 -0.919629 0.103715 0.103715 0.103715
5716.089355 0.000000 1230.988770 0.000000 0.490607 0.000000 -0.871381 0.103368 0.103368 0.103368
5702.215332 0.000000 1235.109497 0.000000 0.607880 0.000000 -0.794029 0.102920 0.102920 0.102920
5700.763672 0.000000 1222.364136 0.000000 0.532832 0.000000 -0.846221 0.103211 0.103211 0.103211
5700.957520 0.000000 1226.018921 0.000000 0.591307 0.000000 -0.806447 0.102986 0.102986 0.102986
5696.009766 0.000000 1228.364380 0.000000 0.053352 0.000000 -0.998576 0.104830 0.104830 0.104830
5650.127930 0.000000 1255.932251 0.000000 0.253844 0.000000 -0.967245 0.104183 0.104183 0.104183
5672.832520 0.000000 1246.157349 0.000000 0.374924 0.000000 -0.927056 0.103777 0.103777 0.103777
5652.569336 0.000000 1248.042725 0.000000 0.554385 0.000000 -0.832260 0.103130 0.103130 0.103130
5676.062988 0.000000 1251.645386 0.000000 0.564097 0.000000 -0.825709 0.103092 0.103092 0.103092
5682.789551 0.000000 1254.743530 0.000000 0.544075 0.000000 -0.839036 0.103169 0.103169 0.103169
5633.017578 0.000000 1269.349365 0.000000 0.150456 0.000000 -0.988617 0.104519 0.104519 0.104519
5643.929688 0.000000 1254.662109 0.000000 0.673363 0.000000 -0.739312 0.102648 0.102648 0.102648
5638.330566 0.000000 1254.753052 0.000000 0.106920 0.000000 -0.994268 0.104659 0.104659 0.104659
5670.686523 0.000000 1242.962036 0.000000 0.325294 0.000000 -0.945613 0.103945 0.103945 0.103945
5679.663086 0.000000 1252.668091 0.000000 0.804824 0.000000 -0.593513 0.102023 0.102023 0.102023
5680.746582 0.000000 1245.893921 0.000000 0.168233 0.000000 -0.985747 0.104462 0.104462 0.104462
5632.042480 0.000000 1242.663574 0.000000 0.643798 0.000000 -0.765195 0.108243 0.108243 0.108243
5741.516602 0.000000 1257.389526 0.000000 0.511630 0.000000 -0.859206 0.103290 0.103290 0.103290
5727.453613 0.000000 1259.386353 0.000000 0.431730 0.000000 -0.902003 0.103579 0.103579 0.103579
5716.569336 0.000000 1248.042725 0.000000 0.609085 0.000000 -0.793105 0.102915 0.102915 0.102915
5719.890625 0.000000 1261.713989 0.000000 0.200210 0.000000 -0.979753 0.104358 0.104358 0.104358
5710.873047 0.000000 1250.703369 0.000000 0.535143 0.000000 -0.844761 0.103203 0.103203 0.103203
5727.826172 0.000000 1250.778687 0.000000 0.477306 0.000000 -0.878737 0.103416 0.103416 0.103416
"}
