object={
	name="bush_dry_02_generator_1_0"
	clamp_to_water_level=no
	render_under_water=no
	generated_content=yes
	layer="semidynamic_medium"
	pdxmesh="tree_bush_05_mesh"
	count=41
	transform="5759.487305 0.000000 1216.399536 0.000000 0.722284 0.000000 0.691596 0.243756 0.243756 0.243756
5780.968750 0.000000 1238.296997 0.000000 0.920523 0.000000 0.390688 0.246731 0.246731 0.246731
5791.453613 0.000000 1202.901978 0.000000 0.658018 0.000000 0.753002 0.243135 0.243135 0.243135
5797.982422 0.000000 1236.433716 0.000000 0.250888 0.000000 0.968016 0.239271 0.239271 0.239271
5762.396484 0.000000 1188.034058 0.000000 0.202608 0.000000 0.979260 0.238825 0.238825 0.238825
5771.959473 0.000000 1234.662720 0.000000 0.721216 0.000000 0.692710 0.243791 0.243791 0.243791
5768.407715 0.000000 1193.984253 0.000000 0.785654 0.000000 0.618667 0.244504 0.244504 0.244504
5790.236816 0.000000 1238.701782 0.000000 0.990325 0.000000 0.138768 0.248862 0.248862 0.248862
5775.272949 0.000000 1208.090454 0.000000 0.999363 0.000000 0.035700 0.249707 0.249707 0.249707
5767.979980 0.000000 1228.307129 0.000000 0.906727 0.000000 0.421717 0.246441 0.246441 0.246441
5762.500488 0.000000 1205.915894 0.000000 0.964078 0.000000 0.265620 0.247777 0.247777 0.247777
5793.210449 0.000000 1231.045166 0.000000 0.182914 0.000000 0.983129 0.238661 0.238661 0.238661
5785.621582 0.000000 1234.046753 0.000000 0.080130 0.000000 0.996784 0.237720 0.237720 0.237720
5774.873047 0.000000 1194.218994 0.000000 0.752149 0.000000 0.658993 0.244050 0.244050 0.244050
5754.544434 0.000000 1283.079346 0.000000 0.162033 0.000000 0.986785 0.238707 0.238707 0.238707
5752.065918 0.000000 1324.503174 0.000000 0.600813 0.000000 0.799390 0.242484 0.242484 0.242484
5754.807129 0.000000 1305.795166 0.000000 0.993944 0.000000 0.109889 0.249117 0.249117 0.249117
5752.550781 0.000000 1331.999756 0.000000 0.563234 0.000000 0.826297 0.242079 0.242079 0.242079
5780.968750 0.000000 1294.781372 0.000000 0.406361 0.000000 0.913713 0.240650 0.240650 0.240650
5805.516602 0.000000 1257.389526 0.000000 0.290792 0.000000 0.956786 0.239729 0.239729 0.239729
5798.230957 0.000000 1281.185303 0.000000 0.682761 0.000000 0.730641 0.243353 0.243353 0.243353
5788.793945 0.000000 1245.498047 0.000000 0.416905 0.000000 0.908950 0.240744 0.240744 0.240744
5808.205566 0.000000 1299.114990 0.000000 0.500265 0.000000 0.865873 0.241571 0.241571 0.241571
5764.458496 0.000000 1297.122192 0.000000 0.826332 0.000000 0.563184 0.245109 0.245109 0.245109
5801.563477 0.000000 1269.147217 0.000000 0.622717 0.000000 0.782447 0.242709 0.242709 0.242709
5809.272949 0.000000 1276.281128 0.000000 0.841954 0.000000 0.539550 0.245394 0.245394 0.245394
5760.254883 0.000000 1289.797119 0.000000 0.013703 0.000000 0.999906 0.237318 0.237318 0.237318
5798.893555 0.000000 1262.103638 0.000000 0.764730 0.000000 0.644350 0.244297 0.244297 0.244297
5780.968750 0.000000 1351.265747 0.000000 0.891069 0.000000 0.453867 0.246222 0.246222 0.246222
5805.516602 0.000000 1313.873901 0.000000 0.981988 0.000000 0.188943 0.248470 0.248470 0.248470
5761.451172 0.000000 1311.316284 0.000000 0.877023 0.000000 0.480448 0.245996 0.245996 0.245996
5818.544434 0.000000 1339.563721 0.000000 0.629240 0.000000 0.777211 0.242888 0.242888 0.242888
5781.705078 0.000000 1326.008301 0.000000 0.830074 0.000000 0.557653 0.245237 0.245237 0.245237
5761.318848 0.000000 1338.029053 0.000000 0.903895 0.000000 0.427755 0.246427 0.246427 0.246427
5798.230957 0.000000 1337.669678 0.000000 0.975521 0.000000 0.219908 0.248229 0.248229 0.248229
5772.978516 0.000000 1299.876587 0.000000 0.598927 0.000000 0.800804 0.242465 0.242465 0.242465
5816.065918 0.000000 1324.503174 0.000000 0.840700 0.000000 0.541501 0.245375 0.245375 0.245375
5775.130859 0.000000 1338.512451 0.000000 0.367945 0.000000 0.929847 0.240387 0.240387 0.240387
5762.396484 0.000000 1301.002808 0.000000 0.083006 0.000000 0.996549 0.237976 0.237976 0.237976
5844.968750 0.000000 1351.265747 0.000000 0.930074 0.000000 0.367372 0.246959 0.246959 0.246959
5836.978516 0.000000 1356.360962 0.000000 0.565245 0.000000 0.824923 0.242159 0.242159 0.242159
"}
object={
	name="bush_dry_02_generator_1_1"
	clamp_to_water_level=no
	render_under_water=no
	generated_content=yes
	layer="semidynamic_medium"
	pdxmesh="tree_bush_06_mesh"
	count=38
	transform="5754.544434 0.000000 1226.594971 0.000000 0.997461 0.000000 -0.071210 0.250574 0.250574 0.250574
5761.318848 0.000000 1225.060303 0.000000 0.315381 0.000000 -0.948965 0.260220 0.260220 0.260220
5774.007324 0.000000 1217.062134 0.000000 0.630578 0.000000 -0.776125 0.257348 0.257348 0.257348
5782.478027 0.000000 1221.065186 0.000000 0.206480 0.000000 -0.978451 0.261143 0.261143 0.261143
5764.032715 0.000000 1217.783447 0.000000 0.770462 0.000000 -0.637486 0.255716 0.255716 0.255716
5786.122559 0.000000 1196.980225 0.000000 0.321357 0.000000 -0.946958 0.260168 0.260168 0.260168
5780.089355 0.000000 1230.988770 0.000000 0.999461 0.000000 -0.032814 0.250269 0.250269 0.250269
5769.203613 0.000000 1221.872681 0.000000 0.999197 0.000000 -0.040066 0.250331 0.250331 0.250331
5754.368164 0.000000 1294.582153 0.000000 0.136142 0.000000 -0.990689 0.261592 0.261592 0.261592
5741.516602 0.000000 1313.873901 0.000000 0.028322 0.000000 -0.999599 0.262323 0.262323 0.262323
5754.544434 0.000000 1339.563721 0.000000 0.792469 0.000000 -0.609913 0.255322 0.255322 0.255322
5734.230957 0.000000 1337.669678 0.000000 0.996170 0.000000 -0.087433 0.250699 0.250699 0.250699
5743.722656 0.000000 1343.460327 0.000000 0.543963 0.000000 -0.839109 0.258016 0.258016 0.258016
5745.272949 0.000000 1332.765503 0.000000 0.243901 0.000000 -0.969800 0.260746 0.260746 0.260746
5759.487305 0.000000 1329.368286 0.000000 0.581870 0.000000 -0.813281 0.257706 0.257706 0.257706
5818.544434 0.000000 1283.079346 0.000000 0.646960 0.000000 -0.762524 0.256955 0.256955 0.256955
5781.705078 0.000000 1269.523926 0.000000 0.921984 0.000000 -0.387229 0.253239 0.253239 0.253239
5761.318848 0.000000 1281.544678 0.000000 0.952787 0.000000 -0.303639 0.252484 0.252484 0.252484
5772.978516 0.000000 1243.392212 0.000000 0.584998 0.000000 -0.811035 0.257616 0.257616 0.257616
5816.065918 0.000000 1268.018799 0.000000 0.890651 0.000000 -0.454688 0.253800 0.253800 0.253800
5791.453613 0.000000 1259.386353 0.000000 0.995945 0.000000 -0.089967 0.250728 0.250728 0.250728
5775.130859 0.000000 1282.028076 0.000000 0.890011 0.000000 -0.455939 0.253856 0.253856 0.253856
5786.979980 0.000000 1284.489014 0.000000 0.006898 0.000000 -0.999976 0.262592 0.262592 0.262592
5800.832520 0.000000 1246.157349 0.000000 0.902453 0.000000 -0.430788 0.253586 0.253586 0.253586
5807.722656 0.000000 1286.975952 0.000000 0.215647 0.000000 -0.976471 0.260897 0.260897 0.260897
5791.758301 0.000000 1272.815918 0.000000 0.736613 0.000000 -0.676314 0.256026 0.256026 0.256026
5771.959473 0.000000 1291.147095 0.000000 0.926126 0.000000 -0.377214 0.253162 0.253162 0.253162
5825.318848 0.000000 1281.544678 0.000000 0.212696 0.000000 -0.977118 0.260879 0.260879 0.260879
5788.793945 0.000000 1301.982422 0.000000 0.116219 0.000000 -0.993224 0.261664 0.261664 0.261664
5818.807129 0.000000 1305.795166 0.000000 0.999917 0.000000 -0.012867 0.250104 0.250104 0.250104
5767.671387 0.000000 1323.997192 0.000000 0.229185 0.000000 -0.973383 0.260785 0.260785 0.260785
5791.453613 0.000000 1315.870728 0.000000 0.978572 0.000000 -0.205905 0.251663 0.251663 0.251663
5815.638184 0.000000 1314.884033 0.000000 0.833609 0.000000 -0.552355 0.254730 0.254730 0.254730
5825.451172 0.000000 1311.316284 0.000000 0.467902 0.000000 -0.883781 0.258693 0.258693 0.258693
5825.318848 0.000000 1338.029053 0.000000 0.886260 0.000000 -0.463188 0.253847 0.253847 0.253847
5828.458496 0.000000 1353.606567 0.000000 0.318491 0.000000 -0.947926 0.259998 0.259998 0.259998
5839.130859 0.000000 1338.512451 0.000000 0.159867 0.000000 -0.987139 0.261354 0.261354 0.261354
5852.793945 0.000000 1358.466797 0.000000 0.919875 0.000000 -0.392212 0.253220 0.253220 0.253220
"}
