object={
	name="bush_dry_02_generator_2_0"
	clamp_to_water_level=no
	render_under_water=no
	generated_content=yes
	layer="semidynamic_high"
	pdxmesh="tree_bush_05_mesh"
	count=49
	transform="5726.236816 0.000000 1182.217407 0.000000 0.965607 0.000000 0.260005 0.247882 0.247882 0.247882
5722.122559 0.000000 1196.980225 0.000000 0.286941 0.000000 0.957948 0.239656 0.239656 0.239656
5752.550781 0.000000 1219.031006 0.000000 0.977960 0.000000 0.208791 0.248300 0.248300 0.248300
5727.826172 0.000000 1194.294312 0.000000 0.646397 0.000000 0.763001 0.242931 0.242931 0.242931
5757.212891 0.000000 1211.563599 0.000000 0.741183 0.000000 0.671303 0.243960 0.243960 0.243960
5732.045898 0.000000 1191.446777 0.000000 0.104261 0.000000 0.994550 0.238011 0.238011 0.238011
5792.032227 0.000000 1223.109741 0.000000 0.074104 0.000000 0.997250 0.237857 0.237857 0.237857
5766.215332 0.000000 1235.109497 0.000000 0.142358 0.000000 0.989815 0.238414 0.238414 0.238414
5774.953125 0.000000 1240.143555 0.000000 0.457938 0.000000 0.888984 0.241114 0.241114 0.241114
5786.074219 0.000000 1216.688354 0.000000 0.776103 0.000000 0.630607 0.244464 0.244464 0.244464
5783.491699 0.000000 1186.803345 0.000000 0.390882 0.000000 0.920441 0.240440 0.240440 0.240440
5760.098633 0.000000 1193.120850 0.000000 0.638932 0.000000 0.769263 0.242824 0.242824 0.242824
5781.208496 0.000000 1226.051147 0.000000 0.174940 0.000000 0.984579 0.238508 0.238508 0.238508
5772.552734 0.000000 1212.365967 0.000000 0.354238 0.000000 0.935155 0.240004 0.240004 0.240004
5769.063965 0.000000 1216.633911 0.000000 0.526591 0.000000 0.850119 0.241596 0.241596 0.241596
5778.283691 0.000000 1187.304565 0.000000 0.930893 0.000000 0.365292 0.246931 0.246931 0.246931
5779.007324 0.000000 1204.250244 0.000000 0.606254 0.000000 0.795271 0.242482 0.242482 0.242482
5770.351562 0.000000 1207.050781 0.000000 0.935828 0.000000 0.352457 0.247021 0.247021 0.247021
5779.771973 0.000000 1208.797363 0.000000 0.502418 0.000000 0.864625 0.241428 0.241428 0.241428
5781.668945 0.000000 1195.960815 0.000000 0.727649 0.000000 0.685950 0.243772 0.243772 0.243772
5764.047852 0.000000 1194.521973 0.000000 0.663660 0.000000 0.748035 0.243038 0.243038 0.243038
5765.119141 0.000000 1202.606079 0.000000 0.506104 0.000000 0.862473 0.241431 0.241431 0.241431
5763.837402 0.000000 1209.734009 0.000000 0.490720 0.000000 0.871317 0.241252 0.241252 0.241252
5737.563477 0.000000 1325.631592 0.000000 0.210717 0.000000 0.977547 0.239105 0.239105 0.239105
5744.541992 0.000000 1321.725830 0.000000 0.253505 0.000000 0.967334 0.239376 0.239376 0.239376
5778.127930 0.000000 1255.932251 0.000000 0.700848 0.000000 0.713311 0.243630 0.243630 0.243630
5818.368164 0.000000 1294.582153 0.000000 0.606433 0.000000 0.795135 0.242628 0.242628 0.242628
5774.007324 0.000000 1273.546509 0.000000 0.577027 0.000000 0.816725 0.242305 0.242305 0.242305
5780.569336 0.000000 1248.042725 0.000000 0.946304 0.000000 0.323278 0.247339 0.247339 0.247339
5783.890625 0.000000 1261.713989 0.000000 0.214859 0.000000 0.976645 0.239054 0.239054 0.239054
5780.089355 0.000000 1287.473145 0.000000 0.066801 0.000000 0.997766 0.237797 0.237797 0.237797
5767.979980 0.000000 1284.791504 0.000000 0.999212 0.000000 0.039681 0.249678 0.249678 0.249678
5793.210449 0.000000 1287.529541 0.000000 0.668064 0.000000 0.744104 0.243217 0.243217 0.243217
5792.032227 0.000000 1279.594116 0.000000 0.456157 0.000000 0.889899 0.241132 0.241132 0.241132
5791.826172 0.000000 1250.778687 0.000000 0.539819 0.000000 0.841781 0.241882 0.241882 0.241882
5769.641113 0.000000 1295.844116 0.000000 0.450644 0.000000 0.892704 0.240979 0.240979 0.240979
5828.458496 0.000000 1297.122192 0.000000 0.786814 0.000000 0.617190 0.244686 0.244686 0.244686
5764.458496 0.000000 1353.606567 0.000000 0.066462 0.000000 0.997789 0.237982 0.237982 0.237982
5786.979980 0.000000 1340.973389 0.000000 0.548447 0.000000 0.836185 0.242058 0.242058 0.242058
5809.272949 0.000000 1332.765503 0.000000 0.641038 0.000000 0.767509 0.242983 0.242983 0.242983
5791.758301 0.000000 1329.300293 0.000000 0.624572 0.000000 0.780967 0.242784 0.242784 0.242784
5823.958008 0.000000 1320.039673 0.000000 0.702354 0.000000 0.711828 0.243623 0.243623 0.243623
5774.007324 0.000000 1330.030884 0.000000 0.089420 0.000000 0.995994 0.238028 0.238028 0.238028
5782.478027 0.000000 1334.033936 0.000000 0.650810 0.000000 0.759241 0.243059 0.243059 0.243059
5764.032715 0.000000 1330.752197 0.000000 0.985184 0.000000 0.171501 0.248607 0.248607 0.248607
5798.893555 0.000000 1318.588013 0.000000 0.998989 0.000000 0.044945 0.249638 0.249638 0.249638
5835.959473 0.000000 1347.631470 0.000000 0.973558 0.000000 0.228441 0.248144 0.248144 0.248144
5772.978516 0.000000 1356.360962 0.000000 0.246182 0.000000 0.969224 0.239438 0.239438 0.239438
5844.569336 0.000000 1361.011475 0.000000 0.744286 0.000000 0.667861 0.244112 0.244112 0.244112
"}
object={
	name="bush_dry_02_generator_2_1"
	clamp_to_water_level=no
	render_under_water=no
	generated_content=yes
	layer="semidynamic_high"
	pdxmesh="tree_bush_06_mesh"
	count=53
	transform="5734.893555 0.000000 1205.619263 0.000000 0.343447 0.000000 -0.939172 0.259824 0.259824 0.259824
5730.900879 0.000000 1186.236572 0.000000 0.696268 0.000000 -0.717782 0.256471 0.256471 0.256471
5757.292480 0.000000 1198.730835 0.000000 0.813695 0.000000 -0.581292 0.255091 0.255091 0.255091
5740.062988 0.000000 1195.161011 0.000000 0.803356 0.000000 -0.595500 0.255215 0.255215 0.255215
5754.511719 0.000000 1206.681885 0.000000 0.364978 0.000000 -0.931016 0.259751 0.259751 0.259751
5790.236816 0.000000 1182.217407 0.000000 0.903476 0.000000 -0.428638 0.253567 0.253567 0.253567
5774.953125 0.000000 1183.659180 0.000000 0.749892 0.000000 -0.661560 0.255865 0.255865 0.255865
5808.205566 0.000000 1242.630615 0.000000 0.064062 0.000000 -0.997946 0.262037 0.262037 0.262037
5764.458496 0.000000 1240.637817 0.000000 0.351857 0.000000 -0.936054 0.259677 0.259677 0.259677
5807.722656 0.000000 1230.491577 0.000000 0.914545 0.000000 -0.404485 0.253340 0.253340 0.253340
5791.758301 0.000000 1216.331543 0.000000 0.876509 0.000000 -0.481386 0.254044 0.254044 0.254044
5760.254883 0.000000 1233.312744 0.000000 0.517009 0.000000 -0.855980 0.258304 0.258304 0.258304
5783.890625 0.000000 1205.229614 0.000000 0.078854 0.000000 -0.996886 0.262105 0.262105 0.262105
5801.260742 0.000000 1230.394043 0.000000 0.947067 0.000000 -0.321036 0.252642 0.252642 0.252642
5761.017578 0.000000 1212.864990 0.000000 0.931594 0.000000 -0.363501 0.253042 0.253042 0.253042
5767.914551 0.000000 1188.008789 0.000000 0.767436 0.000000 -0.641126 0.255669 0.255669 0.255669
5777.256836 0.000000 1220.886719 0.000000 0.840681 0.000000 -0.541531 0.254715 0.254715 0.254715
5776.971680 0.000000 1235.348877 0.000000 0.426557 0.000000 -0.904461 0.259275 0.259275 0.259275
5774.220703 0.000000 1203.252808 0.000000 0.949606 0.000000 -0.313447 0.252627 0.252627 0.252627
5771.929688 0.000000 1198.177734 0.000000 0.903112 0.000000 -0.429405 0.253670 0.253670 0.253670
5766.330566 0.000000 1198.268677 0.000000 0.393068 0.000000 -0.919509 0.259686 0.259686 0.259686
5774.875488 0.000000 1230.933960 0.000000 0.998074 0.000000 -0.062030 0.250511 0.250511 0.250511
5786.709961 0.000000 1223.211792 0.000000 0.952717 0.000000 -0.303860 0.252524 0.252524 0.252524
5785.505859 0.000000 1239.943604 0.000000 0.685168 0.000000 -0.728385 0.256722 0.256722 0.256722
5764.763672 0.000000 1222.364136 0.000000 0.940887 0.000000 -0.338721 0.252847 0.252847 0.252847
5771.786133 0.000000 1191.224854 0.000000 0.798243 0.000000 -0.602335 0.255346 0.255346 0.255346
5766.424805 0.000000 1206.531982 0.000000 0.509953 0.000000 -0.860202 0.258565 0.258565 0.258565
5759.958008 0.000000 1320.039673 0.000000 0.455486 0.000000 -0.890243 0.258839 0.258839 0.258839
5740.760254 0.000000 1337.645752 0.000000 0.859488 0.000000 -0.511155 0.254337 0.254337 0.254337
5746.584961 0.000000 1327.034912 0.000000 0.521544 0.000000 -0.853224 0.258293 0.258293 0.258293
5797.982422 0.000000 1292.918091 0.000000 0.999998 0.000000 -0.001752 0.250014 0.250014 0.250014
5797.432617 0.000000 1253.683350 0.000000 0.860809 0.000000 -0.508928 0.254299 0.254299 0.254299
5808.541992 0.000000 1265.241455 0.000000 0.614010 0.000000 -0.789298 0.257324 0.257324 0.257324
5782.478027 0.000000 1277.549561 0.000000 0.566154 0.000000 -0.824299 0.257832 0.257832 0.257832
5786.122559 0.000000 1253.464600 0.000000 0.391959 0.000000 -0.919983 0.259441 0.259441 0.259441
5790.530273 0.000000 1266.116333 0.000000 0.171569 0.000000 -0.985172 0.261390 0.261390 0.261390
5794.900879 0.000000 1242.720947 0.000000 0.185713 0.000000 -0.982604 0.261229 0.261229 0.261229
5769.203613 0.000000 1278.357056 0.000000 0.011603 0.000000 -0.999933 0.262602 0.262602 0.262602
5801.385742 0.000000 1275.574341 0.000000 0.808036 0.000000 -0.589133 0.255112 0.255112 0.255112
5766.215332 0.000000 1291.593872 0.000000 0.796490 0.000000 -0.604652 0.255309 0.255309 0.255309
5795.765137 0.000000 1268.503540 0.000000 0.081422 0.000000 -0.996680 0.262177 0.262177 0.262177
5774.953125 0.000000 1296.627930 0.000000 0.959544 0.000000 -0.281559 0.252316 0.252316 0.252316
5786.074219 0.000000 1273.172729 0.000000 0.818997 0.000000 -0.573797 0.254978 0.254978 0.254978
5796.276367 0.000000 1275.902954 0.000000 0.972374 0.000000 -0.233427 0.251919 0.251919 0.251919
5778.127930 0.000000 1312.416626 0.000000 0.675707 0.000000 -0.737171 0.256648 0.256648 0.256648
5801.563477 0.000000 1325.631592 0.000000 0.833823 0.000000 -0.552032 0.254690 0.254690 0.254690
5800.832520 0.000000 1302.641724 0.000000 0.424804 0.000000 -0.905285 0.259079 0.259079 0.259079
5771.959473 0.000000 1347.631470 0.000000 0.653782 0.000000 -0.756683 0.256883 0.256883 0.256883
5809.519043 0.000000 1305.470215 0.000000 0.874957 0.000000 -0.484201 0.254070 0.254070 0.254070
5808.541992 0.000000 1321.725830 0.000000 0.324174 0.000000 -0.945997 0.260028 0.260028 0.260028
5769.203613 0.000000 1334.841431 0.000000 0.573047 0.000000 -0.819522 0.257764 0.257764 0.257764
5831.671387 0.000000 1323.997192 0.000000 0.781195 0.000000 -0.624287 0.255386 0.255386 0.255386
5826.396484 0.000000 1357.487183 0.000000 0.402881 0.000000 -0.915252 0.259272 0.259272 0.259272
"}
