object={
	name="bush_02_generator_1_0"
	clamp_to_water_level=no
	render_under_water=no
	generated_content=yes
	layer="semidynamic_medium"
	pdxmesh="tree_bush_03_mesh"
	count=48
	transform="573.292725 0.000000 1142.246460 0.000000 0.593245 0.000000 0.805022 0.194043 0.194043 0.194043
572.013062 0.000000 1144.552246 0.000000 0.927495 0.000000 -0.373837 0.193933 0.193933 0.193933
5582.953125 0.000000 1127.174805 0.000000 0.566587 0.000000 0.824002 0.161800 0.161800 0.161800
5585.722656 0.000000 1125.380493 0.000000 0.943317 0.000000 -0.331894 0.167612 0.167612 0.167612
5589.934570 0.000000 1128.015137 0.000000 0.878846 0.000000 -0.477105 0.169590 0.169590 0.169590
5588.569336 0.000000 1135.073975 0.000000 0.999987 0.000000 0.005085 0.179803 0.179803 0.179803
5583.272949 0.000000 1151.606079 0.000000 0.674093 0.000000 0.738646 0.159803 0.159803 0.159803
5591.890625 0.000000 1148.745239 0.000000 0.907221 0.000000 -0.420654 0.185725 0.185725 0.185725
5591.491699 0.000000 1130.318970 0.000000 0.816906 0.000000 0.576770 0.162032 0.162032 0.162032
5582.220703 0.000000 1146.768433 0.000000 0.043160 0.000000 0.999068 0.170022 0.170022 0.170022
5586.283691 0.000000 1130.820190 0.000000 0.981125 0.000000 0.193373 0.171480 0.171480 0.171480
5587.007324 0.000000 1147.765869 0.000000 0.998344 0.000000 0.057532 0.191805 0.191805 0.191805
5590.937012 0.000000 1144.114868 0.000000 0.816500 0.000000 -0.577345 0.199920 0.199920 0.199920
5589.668945 0.000000 1139.476440 0.000000 0.176131 0.000000 0.984367 0.183097 0.183097 0.183097
5579.786133 0.000000 1134.740479 0.000000 0.999988 0.000000 -0.004886 0.163611 0.163611 0.163611
5583.831543 0.000000 1133.859375 0.000000 0.994060 0.000000 -0.108835 0.169775 0.169775 0.169775
5591.293457 0.000000 1153.252319 0.000000 0.215619 0.000000 0.976478 0.159218 0.159218 0.159218
5580.112305 0.000000 1144.594238 0.000000 0.955613 0.000000 -0.294624 0.175888 0.175888 0.175888
5585.664551 0.000000 1136.343506 0.000000 0.175918 0.000000 0.984405 0.176136 0.176136 0.176136
5588.094727 0.000000 1145.088379 0.000000 0.856974 0.000000 0.515360 0.195452 0.195452 0.195452
5584.939453 0.000000 1145.616211 0.000000 0.986742 0.000000 -0.162294 0.193154 0.193154 0.193154
5593.283691 0.000000 1151.305298 0.000000 0.809115 0.000000 0.587650 0.166354 0.166354 0.166354
5588.832520 0.000000 1142.267090 0.000000 0.851275 0.000000 -0.524719 0.203517 0.203517 0.203517
5590.782715 0.000000 1136.990845 0.000000 0.530786 0.000000 0.847506 0.175128 0.175128 0.175128
5591.068359 0.000000 1134.198608 0.000000 0.603110 0.000000 0.797658 0.171284 0.171284 0.171284
5583.671387 0.000000 1131.216553 0.000000 0.997290 0.000000 -0.073564 0.170146 0.170146 0.170146
5590.077637 0.000000 1146.862183 0.000000 0.114124 0.000000 0.993466 0.181646 0.181646 0.181646
5582.686523 0.000000 1144.278931 0.000000 0.539943 0.000000 0.841702 0.177902 0.177902 0.177902
5586.498535 0.000000 1133.505493 0.000000 0.836787 0.000000 0.547529 0.171566 0.171566 0.171566
5586.128418 0.000000 1150.449097 0.000000 0.997079 0.000000 0.076381 0.176600 0.176600 0.176600
5592.535645 0.000000 1146.042480 0.000000 0.666482 0.000000 0.745521 0.178833 0.178833 0.178833
5587.894531 0.000000 1137.459229 0.000000 0.473406 0.000000 0.880844 0.179614 0.179614 0.179614
5581.487793 0.000000 1139.704224 0.000000 0.807429 0.000000 0.589965 0.173475 0.173475 0.173475
5582.033691 0.000000 1135.578491 0.000000 0.003962 0.000000 0.999992 0.166072 0.166072 0.166072
5591.105957 0.000000 1150.924194 0.000000 0.850297 0.000000 -0.526302 0.178444 0.178444 0.178444
5585.219727 0.000000 1141.146240 0.000000 0.886661 0.000000 0.462420 0.190320 0.190320 0.190320
5584.790527 0.000000 1137.842773 0.000000 0.979837 0.000000 -0.199799 0.185494 0.185494 0.185494
5586.442383 0.000000 1144.704102 0.000000 0.985714 0.000000 0.168428 0.195579 0.195579 0.195579
5587.935547 0.000000 1139.445923 0.000000 0.651417 0.000000 0.758720 0.186344 0.186344 0.186344
5584.004883 0.000000 1147.155273 0.000000 0.901962 0.000000 0.431816 0.183351 0.183351 0.183351
5588.433105 0.000000 1146.702026 0.000000 0.598729 0.000000 0.800951 0.188650 0.188650 0.188650
5587.704102 0.000000 1143.451782 0.000000 0.721422 0.000000 0.692495 0.193490 0.193490 0.193490
5589.729980 0.000000 1145.277588 0.000000 0.976601 0.000000 -0.215060 0.200252 0.200252 0.200252
5589.229004 0.000000 1143.779785 0.000000 0.272559 0.000000 0.962139 0.191757 0.191757 0.191757
5590.338379 0.000000 1142.669922 0.000000 0.998426 0.000000 -0.056078 0.196990 0.196990 0.196990
5586.461914 0.000000 1146.268188 0.000000 0.942943 0.000000 0.332953 0.190081 0.190081 0.190081
5589.918945 0.000000 1141.194946 0.000000 0.893643 0.000000 0.448779 0.193726 0.193726 0.193726
5542.893555 0.000000 1205.619263 0.000000 0.971572 0.000000 0.236742 0.157893 0.157893 0.157893
"}
object={
	name="bush_02_generator_1_1"
	clamp_to_water_level=no
	render_under_water=no
	generated_content=yes
	layer="semidynamic_medium"
	pdxmesh="tree_bush_04_mesh"
	count=25
	transform="570.028503 0.000000 1142.786133 0.000000 0.147256 0.000000 -0.989098 0.209059 0.209059 0.209059
571.524109 0.000000 1143.146851 0.000000 0.749773 0.000000 -0.661696 0.204603 0.204603 0.204603
573.240173 0.000000 1143.718750 0.000000 0.637150 0.000000 -0.770740 0.205602 0.205602 0.205602
5584.971680 0.000000 1122.380127 0.000000 0.798978 0.000000 -0.601360 0.166373 0.166373 0.166373
5586.579102 0.000000 1128.391968 0.000000 0.777160 0.000000 -0.629303 0.173426 0.173426 0.173426
5594.122559 0.000000 1140.495850 0.000000 0.275515 0.000000 -0.961297 0.182560 0.182560 0.182560
5582.873047 0.000000 1137.734619 0.000000 0.765802 0.000000 -0.643077 0.184403 0.184403 0.184403
5579.929688 0.000000 1141.693359 0.000000 0.352555 0.000000 -0.935791 0.177452 0.177452 0.177452
5593.237793 0.000000 1135.846436 0.000000 0.426571 0.000000 -0.904454 0.175854 0.175854 0.175854
5587.771973 0.000000 1152.312988 0.000000 0.073946 0.000000 -0.997262 0.176075 0.176075 0.176075
5595.131348 0.000000 1145.808716 0.000000 0.157203 0.000000 -0.987566 0.186164 0.186164 0.186164
5595.932617 0.000000 1149.957153 0.000000 0.710935 0.000000 -0.703257 0.174536 0.174536 0.174536
5586.190430 0.000000 1139.209717 0.000000 0.520154 0.000000 -0.854072 0.197840 0.197840 0.197840
5597.020508 0.000000 1142.517822 0.000000 0.594045 0.000000 -0.804432 0.170183 0.170183 0.170183
5583.197266 0.000000 1141.320312 0.000000 0.006340 0.000000 -0.999980 0.195845 0.195845 0.195845
5579.486816 0.000000 1138.247070 0.000000 0.169305 0.000000 -0.985564 0.177316 0.177316 0.177316
5588.994629 0.000000 1132.240234 0.000000 0.521601 0.000000 -0.853189 0.180476 0.180476 0.180476
5593.706543 0.000000 1143.326904 0.000000 0.652978 0.000000 -0.757377 0.193384 0.193384 0.193384
5584.186523 0.000000 1148.838745 0.000000 0.583770 0.000000 -0.811919 0.185255 0.185255 0.185255
5589.235840 0.000000 1149.548584 0.000000 0.480722 0.000000 -0.876873 0.192325 0.192325 0.192325
5591.408203 0.000000 1141.525635 0.000000 0.187362 0.000000 -0.982291 0.201782 0.201782 0.201782
5592.077637 0.000000 1139.083984 0.000000 0.598000 0.000000 -0.801496 0.185154 0.185154 0.185154
5584.098633 0.000000 1139.447021 0.000000 0.655742 0.000000 -0.754986 0.195664 0.195664 0.195664
5587.236816 0.000000 1141.010620 0.000000 0.737643 0.000000 -0.675190 0.201852 0.201852 0.201852
5584.278320 0.000000 1143.243286 0.000000 0.342461 0.000000 -0.939532 0.201373 0.201373 0.201373
"}
