object={
	name="cypress_mediterranean_dense_generator_1_0"
	clamp_to_water_level=no
	render_under_water=no
	generated_content=yes
	layer="semidynamic"
	pdxmesh="tree_cypress_mediterranean_02_mesh"
	count=515
	transform="4548.458496 0.000000 1466.575317 0.000000 0.368779 0.000000 0.929517 0.202508 0.202508 0.202508
4558.007324 0.000000 1442.999634 0.000000 0.972302 0.000000 -0.233730 0.201643 0.201643 0.201643
4544.254883 0.000000 1459.250244 0.000000 0.399545 0.000000 0.916714 0.192124 0.192124 0.192124
4592.541992 0.000000 1434.694580 0.000000 0.847663 0.000000 -0.530536 0.203825 0.203825 0.203825
4600.550781 0.000000 1444.968506 0.000000 0.953061 0.000000 -0.302778 0.239263 0.239263 0.239263
4574.530273 0.000000 1435.569458 0.000000 0.770869 0.000000 0.636993 0.210214 0.210214 0.210214
4550.215332 0.000000 1461.046997 0.000000 0.983625 0.000000 0.180229 0.236493 0.236493 0.236493
4579.765137 0.000000 1437.956665 0.000000 0.302063 0.000000 0.953288 0.237001 0.237001 0.237001
4594.584961 0.000000 1440.003662 0.000000 0.937685 0.000000 0.347488 0.231984 0.231984 0.231984
4553.641113 0.000000 1465.297241 0.000000 0.878103 0.000000 0.478471 0.244908 0.244908 0.244908
4562.817383 0.000000 1442.553223 0.000000 0.925813 0.000000 -0.377983 0.234849 0.234849 0.234849
4598.381836 0.000000 1441.437012 0.000000 0.999617 0.000000 0.027689 0.210147 0.210147 0.210147
4589.375000 0.000000 1437.031006 0.000000 0.655363 0.000000 0.755314 0.223310 0.223310 0.223310
4582.889160 0.000000 1435.548950 0.000000 0.999995 0.000000 0.003226 0.212579 0.212579 0.212579
4555.941895 0.000000 1453.913452 0.000000 0.976539 0.000000 0.215341 0.246537 0.246537 0.246537
4552.908691 0.000000 1458.009399 0.000000 0.835175 0.000000 -0.549984 0.258649 0.258649 0.258649
4553.866211 0.000000 1451.181763 0.000000 0.954218 0.000000 0.299113 0.213981 0.213981 0.213981
4605.611816 0.000000 1450.869019 0.000000 0.776230 0.000000 0.630450 0.275941 0.275941 0.275941
4586.288574 0.000000 1435.257202 0.000000 0.491023 0.000000 0.871146 0.200018 0.200018 0.200018
4595.759277 0.000000 1443.474243 0.000000 0.921734 0.000000 -0.387822 0.259990 0.259990 0.259990
4566.628418 0.000000 1442.136597 0.000000 0.796725 0.000000 0.604342 0.249958 0.249958 0.249958
4592.580566 0.000000 1442.550171 0.000000 0.808762 0.000000 0.588137 0.263258 0.263258 0.263258
4556.457520 0.000000 1463.885254 0.000000 0.917822 0.000000 -0.396993 0.301134 0.301134 0.301134
4591.537109 0.000000 1439.237793 0.000000 0.969033 0.000000 -0.246931 0.251299 0.251299 0.251299
4550.507812 0.000000 1464.200562 0.000000 0.979873 0.000000 0.199621 0.228045 0.228045 0.228045
4553.278320 0.000000 1462.192993 0.000000 0.835946 0.000000 0.548812 0.253428 0.253428 0.253428
4563.991699 0.000000 1445.336914 0.000000 0.960451 0.000000 -0.278449 0.253976 0.253976 0.253976
4550.057129 0.000000 1457.047119 0.000000 0.881492 0.000000 -0.472198 0.230003 0.230003 0.230003
4551.437500 0.000000 1467.152954 0.000000 0.898812 0.000000 0.438334 0.219715 0.219715 0.219715
4556.083496 0.000000 1457.623291 0.000000 0.999795 0.000000 -0.020226 0.286869 0.286869 0.286869
4568.795410 0.000000 1440.021606 0.000000 0.987094 0.000000 -0.160143 0.257693 0.257693 0.257693
4582.469727 0.000000 1438.703369 0.000000 0.583731 0.000000 0.811947 0.255824 0.255824 0.255824
4564.984863 0.000000 1449.307373 0.000000 0.471423 0.000000 0.881907 0.280225 0.280225 0.280225
4588.127930 0.000000 1439.550659 0.000000 0.705412 0.000000 0.708797 0.250808 0.250808 0.250808
4603.000977 0.000000 1449.910400 0.000000 0.698371 0.000000 0.715736 0.262953 0.262953 0.262953
4560.716797 0.000000 1444.207153 0.000000 0.924842 0.000000 -0.380353 0.239521 0.239521 0.239521
4558.650879 0.000000 1462.450195 0.000000 0.466044 0.000000 0.884761 0.280927 0.280927 0.280927
4598.158691 0.000000 1444.169189 0.000000 0.455132 0.000000 0.890424 0.236456 0.236456 0.236456
4559.870117 0.000000 1448.932251 0.000000 0.970822 0.000000 0.239803 0.259901 0.259901 0.259901
4567.339844 0.000000 1444.516846 0.000000 0.998116 0.000000 -0.061360 0.278482 0.278482 0.278482
4572.838379 0.000000 1437.176758 0.000000 0.917667 0.000000 -0.397351 0.237962 0.237962 0.237962
4599.405273 0.000000 1446.962524 0.000000 0.532433 0.000000 0.846472 0.255486 0.255486 0.255486
4563.576660 0.000000 1447.561035 0.000000 0.351750 0.000000 0.936094 0.259521 0.259521 0.259521
4552.237305 0.000000 1460.135986 0.000000 0.971128 0.000000 -0.238559 0.263835 0.263835 0.263835
4607.374512 0.000000 1452.204834 0.000000 0.999657 0.000000 -0.026185 0.292582 0.292582 0.292582
4580.916016 0.000000 1440.171753 0.000000 0.489336 0.000000 0.872095 0.281234 0.281234 0.281234
4576.801270 0.000000 1440.424561 0.000000 0.406506 0.000000 0.913648 0.278599 0.278599 0.278599
4564.821777 0.000000 1443.220337 0.000000 0.668489 0.000000 0.743722 0.234809 0.234809 0.234809
4557.139648 0.000000 1455.654053 0.000000 0.960639 0.000000 0.277800 0.273504 0.273504 0.273504
4605.282227 0.000000 1456.064575 0.000000 0.187029 0.000000 0.982354 0.273593 0.273593 0.273593
4559.590332 0.000000 1464.205811 0.000000 0.999956 0.000000 0.009407 0.298719 0.298719 0.298719
4554.234863 0.000000 1459.555298 0.000000 0.994063 0.000000 0.108808 0.274348 0.274348 0.274348
4566.604004 0.000000 1450.639038 0.000000 0.835721 0.000000 -0.549154 0.310907 0.310907 0.310907
4571.528320 0.000000 1446.648560 0.000000 0.938200 0.000000 -0.346093 0.306458 0.306458 0.306458
4595.318359 0.000000 1445.750854 0.000000 0.997115 0.000000 0.075909 0.266490 0.266490 0.266490
4561.033691 0.000000 1452.070190 0.000000 0.912180 0.000000 -0.409790 0.307416 0.307416 0.307416
4559.799805 0.000000 1455.173218 0.000000 0.980277 0.000000 0.197627 0.291115 0.291115 0.291115
4558.368652 0.000000 1467.962891 0.000000 0.839846 0.000000 -0.542825 0.293689 0.293689 0.293689
4574.288086 0.000000 1466.571777 0.000000 0.877056 0.000000 -0.480389 0.296132 0.296132 0.296132
4604.454590 0.000000 1452.448486 0.000000 0.759870 0.000000 0.650076 0.287094 0.287094 0.287094
4560.905273 0.000000 1466.008789 0.000000 0.821382 0.000000 0.570378 0.277630 0.277630 0.277630
4565.101562 0.000000 1458.560425 0.000000 0.921264 0.000000 0.388938 0.292819 0.292819 0.292819
4577.680176 0.000000 1467.937134 0.000000 0.014452 0.000000 0.999896 0.269626 0.269626 0.269626
4578.177734 0.000000 1439.042480 0.000000 0.556746 0.000000 0.830683 0.270805 0.270805 0.270805
4591.250488 0.000000 1441.090210 0.000000 0.120282 0.000000 0.992740 0.253727 0.253727 0.253727
4594.395020 0.000000 1442.125977 0.000000 0.993028 0.000000 -0.117880 0.256609 0.256609 0.256609
4604.771484 0.000000 1449.193481 0.000000 0.456897 0.000000 0.889520 0.243435 0.243435 0.243435
4568.332520 0.000000 1447.313843 0.000000 0.812652 0.000000 -0.582750 0.310926 0.310926 0.310926
4593.909180 0.000000 1443.950684 0.000000 0.901056 0.000000 -0.433704 0.278218 0.278218 0.278218
4574.945801 0.000000 1440.573242 0.000000 0.939498 0.000000 0.342554 0.293794 0.293794 0.293794
4593.324707 0.000000 1447.706665 0.000000 0.214470 0.000000 0.976731 0.270641 0.270641 0.270641
4557.340332 0.000000 1452.336182 0.000000 0.345297 0.000000 0.938493 0.252650 0.252650 0.252650
4586.442383 0.000000 1440.160156 0.000000 0.997694 0.000000 0.067868 0.291610 0.291610 0.291610
4561.862305 0.000000 1448.436768 0.000000 0.121672 0.000000 0.992570 0.260756 0.260756 0.260756
4569.034668 0.000000 1444.055908 0.000000 0.952149 0.000000 -0.305633 0.296035 0.296035 0.296035
4556.970703 0.000000 1459.095215 0.000000 0.999118 0.000000 0.041980 0.291475 0.291475 0.291475
4557.317383 0.000000 1465.336670 0.000000 0.987767 0.000000 0.155938 0.284118 0.284118 0.284118
4563.881836 0.000000 1450.646851 0.000000 0.375011 0.000000 0.927020 0.278186 0.278186 0.278186
4586.375488 0.000000 1443.652588 0.000000 0.653330 0.000000 0.757073 0.284852 0.284852 0.284852
4606.675293 0.000000 1463.860474 0.000000 0.999999 0.000000 0.001722 0.288208 0.288208 0.288208
4560.583984 0.000000 1450.465454 0.000000 0.681747 0.000000 0.731588 0.285863 0.285863 0.285863
4569.336426 0.000000 1450.107666 0.000000 0.992559 0.000000 0.121765 0.297774 0.297774 0.297774
4576.293457 0.000000 1461.116821 0.000000 0.474369 0.000000 0.880326 0.280931 0.280931 0.280931
4560.024902 0.000000 1453.527954 0.000000 0.194905 0.000000 0.980822 0.275857 0.275857 0.275857
4596.122559 0.000000 1449.774536 0.000000 0.957396 0.000000 0.288778 0.294932 0.294932 0.294932
4581.577148 0.000000 1460.277954 0.000000 0.026442 0.000000 0.999650 0.270794 0.270794 0.270794
4585.936523 0.000000 1465.205811 0.000000 0.851337 0.000000 -0.524619 0.310217 0.310217 0.310217
4555.049316 0.000000 1461.990234 0.000000 0.999429 0.000000 0.033804 0.279890 0.279890 0.279890
4577.478516 0.000000 1442.130859 0.000000 0.967543 0.000000 -0.252707 0.304879 0.304879 0.304879
4583.382324 0.000000 1445.727905 0.000000 0.116544 0.000000 0.993186 0.272449 0.272449 0.272449
4578.559570 0.000000 1445.314819 0.000000 0.855029 0.000000 0.518580 0.289588 0.289588 0.289588
4572.266602 0.000000 1449.476562 0.000000 0.999629 0.000000 0.027233 0.299503 0.299503 0.299503
4581.366211 0.000000 1463.809082 0.000000 0.976026 0.000000 0.217656 0.296089 0.296089 0.296089
4558.057129 0.000000 1463.945190 0.000000 0.885042 0.000000 0.465511 0.291496 0.291496 0.291496
4569.935547 0.000000 1452.511963 0.000000 0.827999 0.000000 0.560729 0.288720 0.288720 0.288720
4562.010742 0.000000 1462.642456 0.000000 0.997326 0.000000 -0.073078 0.301271 0.301271 0.301271
4595.609375 0.000000 1447.458618 0.000000 0.507567 0.000000 0.861612 0.270888 0.270888 0.270888
4607.025879 0.000000 1461.474487 0.000000 0.337985 0.000000 0.941151 0.278559 0.278559 0.278559
4562.634277 0.000000 1457.378052 0.000000 0.906951 0.000000 -0.421236 0.307783 0.307783 0.307783
4564.841797 0.000000 1446.675537 0.000000 0.982273 0.000000 -0.187455 0.293498 0.293498 0.293498
4604.027344 0.000000 1456.991821 0.000000 0.270839 0.000000 0.962625 0.275238 0.275238 0.275238
4562.536621 0.000000 1465.579102 0.000000 0.414593 0.000000 0.910007 0.276015 0.276015 0.276015
4578.144043 0.000000 1463.098877 0.000000 0.677488 0.000000 0.735534 0.282272 0.282272 0.282272
4566.444824 0.000000 1463.808228 0.000000 0.452178 0.000000 0.891928 0.277676 0.277676 0.277676
4566.025391 0.000000 1454.403442 0.000000 0.613455 0.000000 0.789729 0.282886 0.282886 0.282886
4578.837891 0.000000 1460.200806 0.000000 0.994261 0.000000 0.106983 0.298065 0.298065 0.298065
4590.867676 0.000000 1442.568970 0.000000 0.950321 0.000000 0.311272 0.285403 0.285403 0.285403
4559.453125 0.000000 1461.084595 0.000000 0.893589 0.000000 0.448885 0.291807 0.291807 0.291807
4594.908203 0.000000 1450.875244 0.000000 0.994326 0.000000 -0.106378 0.302036 0.302036 0.302036
4606.913574 0.000000 1458.147949 0.000000 0.993378 0.000000 -0.114890 0.302100 0.302100 0.302100
4576.608398 0.000000 1443.640625 0.000000 0.320624 0.000000 0.947207 0.276234 0.276234 0.276234
4605.976074 0.000000 1452.795166 0.000000 0.996105 0.000000 -0.088176 0.301610 0.301610 0.301610
4589.387695 0.000000 1444.897461 0.000000 0.003369 0.000000 0.999994 0.272119 0.272119 0.272119
4563.524902 0.000000 1449.043213 0.000000 0.670606 0.000000 0.741813 0.285509 0.285509 0.285509
4562.425781 0.000000 1460.961548 0.000000 0.714572 0.000000 0.699562 0.286392 0.286392 0.286392
4585.205566 0.000000 1468.565674 0.000000 0.491367 0.000000 0.870953 0.281592 0.281592 0.281592
4598.203613 0.000000 1452.439819 0.000000 0.143276 0.000000 0.989683 0.272746 0.272746 0.272746
4605.587402 0.000000 1460.007202 0.000000 0.972222 0.000000 -0.234060 0.304291 0.304291 0.304291
4587.575684 0.000000 1442.839600 0.000000 0.979439 0.000000 -0.201741 0.303583 0.303583 0.303583
4566.696289 0.000000 1448.424072 0.000000 0.990219 0.000000 0.139521 0.297421 0.297421 0.297421
4606.871094 0.000000 1455.619873 0.000000 0.840521 0.000000 -0.541780 0.310120 0.310120 0.310120
4602.590332 0.000000 1454.663818 0.000000 0.946370 0.000000 0.323085 0.293717 0.293717 0.293717
4561.775879 0.000000 1459.682617 0.000000 0.975938 0.000000 -0.218047 0.303861 0.303861 0.303861
4578.377441 0.000000 1455.836548 0.000000 0.948874 0.000000 -0.315654 0.306133 0.306133 0.306133
4584.074707 0.000000 1444.442261 0.000000 0.822107 0.000000 0.569333 0.288659 0.288659 0.288659
4597.635254 0.000000 1450.631958 0.000000 0.711068 0.000000 0.703123 0.285458 0.285458 0.285458
4586.601562 0.000000 1463.958008 0.000000 0.976465 0.000000 0.215674 0.295848 0.295848 0.295848
4582.014160 0.000000 1442.937988 0.000000 0.982221 0.000000 0.187726 0.296471 0.296471 0.296471
4581.210449 0.000000 1444.190918 0.000000 0.815143 0.000000 0.579259 0.288201 0.288201 0.288201
4590.236328 0.000000 1467.965820 0.000000 0.865053 0.000000 -0.501681 0.310037 0.310037 0.310037
4566.383789 0.000000 1459.121216 0.000000 0.697681 0.000000 0.716408 0.285585 0.285585 0.285585
4578.937988 0.000000 1442.614380 0.000000 0.723108 0.000000 0.690735 0.285437 0.285437 0.285437
4591.960449 0.000000 1455.061157 0.000000 0.320550 0.000000 0.947231 0.276232 0.276232 0.276232
4591.221680 0.000000 1452.811646 0.000000 0.992461 0.000000 -0.122558 0.302347 0.302347 0.302347
4573.948242 0.000000 1453.229736 0.000000 0.442395 0.000000 0.896820 0.279544 0.279544 0.279544
4578.454102 0.000000 1453.130615 0.000000 0.999996 0.000000 -0.002927 0.300055 0.300055 0.300055
4579.804199 0.000000 1455.410767 0.000000 0.165172 0.000000 0.986265 0.273169 0.273169 0.273169
4590.049316 0.000000 1450.022949 0.000000 0.978686 0.000000 -0.205361 0.303950 0.303950 0.303950
4594.478027 0.000000 1453.985107 0.000000 0.475280 0.000000 0.879834 0.279459 0.279459 0.279459
4590.953613 0.000000 1465.508911 0.000000 0.911689 0.000000 -0.410880 0.308087 0.308087 0.308087
4591.816406 0.000000 1457.897705 0.000000 0.691966 0.000000 0.721930 0.284595 0.284595 0.284595
4588.208984 0.000000 1466.195923 0.000000 0.986910 0.000000 -0.161272 0.303094 0.303094 0.303094
4565.230957 0.000000 1450.621826 0.000000 0.934157 0.000000 0.356862 0.293126 0.293126 0.293126
4600.732422 0.000000 1460.666382 0.000000 0.906668 0.000000 0.421845 0.291797 0.291797 0.291797
4575.786621 0.000000 1445.830811 0.000000 0.993814 0.000000 0.111059 0.297875 0.297875 0.297875
4589.556641 0.000000 1457.752563 0.000000 0.667390 0.000000 0.744708 0.283955 0.283955 0.283955
4582.464355 0.000000 1455.003418 0.000000 0.075990 0.000000 0.997109 0.271453 0.271453 0.271453
4587.818848 0.000000 1449.611206 0.000000 0.058853 0.000000 0.998267 0.271125 0.271125 0.271125
4588.655273 0.000000 1464.034790 0.000000 0.810453 0.000000 0.585804 0.288047 0.288047 0.288047
4592.927734 0.000000 1457.125366 0.000000 0.741609 0.000000 0.670832 0.285956 0.285956 0.285956
4576.342773 0.000000 1447.154785 0.000000 0.854622 0.000000 -0.519251 0.310427 0.310427 0.310427
4538.544434 0.000000 1509.016846 0.000000 0.987781 0.000000 0.155846 0.232888 0.232888 0.232888
4536.065918 0.000000 1493.956299 0.000000 0.991970 0.000000 0.126472 0.199114 0.199114 0.199114
4538.368164 0.000000 1520.519653 0.000000 0.918397 0.000000 0.395659 0.236303 0.236303 0.236303
4527.722656 0.000000 1512.913452 0.000000 0.228843 0.000000 0.973463 0.250521 0.250521 0.250521
4543.958008 0.000000 1489.492798 0.000000 0.922595 0.000000 0.385771 0.229411 0.229411 0.229411
4536.550781 0.000000 1501.452881 0.000000 0.481865 0.000000 0.876245 0.279602 0.279602 0.279602
4531.456055 0.000000 1518.881958 0.000000 0.469387 0.000000 0.882992 0.239630 0.239630 0.239630
4521.385742 0.000000 1501.511841 0.000000 0.968068 0.000000 -0.250686 0.204347 0.204347 0.204347
4541.248047 0.000000 1514.595825 0.000000 0.632963 0.000000 0.774182 0.229180 0.229180 0.229180
4530.584961 0.000000 1496.488037 0.000000 0.261224 0.000000 0.965278 0.205580 0.205580 0.205580
4543.586426 0.000000 1522.028320 0.000000 0.810958 0.000000 0.585105 0.195631 0.195631 0.195631
4541.658691 0.000000 1503.909546 0.000000 0.388463 0.000000 0.921464 0.191867 0.191867 0.191867
4525.434082 0.000000 1498.322998 0.000000 0.982887 0.000000 0.184210 0.207255 0.207255 0.207255
4536.315430 0.000000 1505.602783 0.000000 0.506383 0.000000 0.862309 0.213919 0.213919 0.213919
4542.419434 0.000000 1510.741089 0.000000 0.999846 0.000000 -0.017534 0.236874 0.236874 0.236874
4525.311035 0.000000 1502.943604 0.000000 0.995243 0.000000 0.097424 0.251231 0.251231 0.251231
4528.647949 0.000000 1509.069458 0.000000 0.770099 0.000000 0.637924 0.220192 0.220192 0.220192
4533.013672 0.000000 1503.240112 0.000000 0.977850 0.000000 -0.209305 0.224000 0.224000 0.224000
4528.023926 0.000000 1521.128784 0.000000 0.556514 0.000000 0.830838 0.254376 0.254376 0.254376
4541.507812 0.000000 1518.370483 0.000000 0.703256 0.000000 0.710937 0.230680 0.230680 0.230680
4535.060547 0.000000 1510.193481 0.000000 0.996436 0.000000 0.084354 0.271371 0.271371 0.271371
4521.204590 0.000000 1505.155151 0.000000 0.839082 0.000000 -0.544005 0.249082 0.249082 0.249082
4531.634277 0.000000 1511.321655 0.000000 0.971701 0.000000 -0.236212 0.252895 0.252895 0.252895
4527.917480 0.000000 1505.375732 0.000000 0.875953 0.000000 0.482397 0.291140 0.291140 0.291140
4538.305176 0.000000 1512.575195 0.000000 0.985981 0.000000 0.166859 0.250406 0.250406 0.250406
4541.611816 0.000000 1507.353394 0.000000 0.898003 0.000000 0.439990 0.243808 0.243808 0.243808
4531.759277 0.000000 1499.958618 0.000000 0.951614 0.000000 0.307295 0.275217 0.275217 0.275217
4528.580566 0.000000 1499.034546 0.000000 0.771591 0.000000 0.636119 0.273768 0.273768 0.273768
4541.032715 0.000000 1490.781860 0.000000 0.930395 0.000000 0.366559 0.215008 0.215008 0.215008
4538.504395 0.000000 1492.352661 0.000000 0.918961 0.000000 0.394349 0.214751 0.214751 0.214751
4538.637207 0.000000 1495.527466 0.000000 0.880458 0.000000 -0.474124 0.255847 0.255847 0.255847
4541.738281 0.000000 1496.842896 0.000000 0.984390 0.000000 -0.175998 0.303313 0.303313 0.303313
4541.125000 0.000000 1521.072998 0.000000 0.759109 0.000000 0.650964 0.235186 0.235186 0.235186
4524.051758 0.000000 1500.688110 0.000000 0.982970 0.000000 -0.183767 0.234594 0.234594 0.234594
4543.976562 0.000000 1519.209106 0.000000 0.991673 0.000000 0.128781 0.257491 0.257491 0.257491
4534.158691 0.000000 1500.653564 0.000000 0.532876 0.000000 0.846193 0.273323 0.273323 0.273323
4533.633789 0.000000 1505.651001 0.000000 0.964567 0.000000 -0.263836 0.242298 0.242298 0.242298
4526.693848 0.000000 1500.652344 0.000000 0.533269 0.000000 0.845946 0.258484 0.258484 0.258484
4523.659668 0.000000 1504.773438 0.000000 0.672056 0.000000 0.740500 0.241020 0.241020 0.241020
4543.510742 0.000000 1493.330444 0.000000 0.978748 0.000000 -0.205067 0.298380 0.298380 0.298380
4533.005371 0.000000 1520.788940 0.000000 0.996333 0.000000 -0.085559 0.233617 0.233617 0.233617
4529.129395 0.000000 1518.999634 0.000000 0.179334 0.000000 0.983788 0.224905 0.224905 0.224905
4526.671387 0.000000 1515.048218 0.000000 0.664734 0.000000 0.747080 0.243463 0.243463 0.243463
4536.096680 0.000000 1496.237671 0.000000 0.906739 0.000000 0.421693 0.251531 0.251531 0.251531
4529.424316 0.000000 1507.010254 0.000000 0.497918 0.000000 0.867224 0.257414 0.257414 0.257414
4529.031738 0.000000 1514.932251 0.000000 0.889901 0.000000 0.456154 0.254786 0.254786 0.254786
4530.103516 0.000000 1516.926636 0.000000 0.581216 0.000000 0.813749 0.235106 0.235106 0.235106
4535.867676 0.000000 1515.825439 0.000000 0.644702 0.000000 0.764434 0.246714 0.246714 0.246714
4539.003418 0.000000 1514.603394 0.000000 0.992761 0.000000 0.120107 0.251516 0.251516 0.251516
4523.060059 0.000000 1502.727295 0.000000 0.999073 0.000000 -0.043045 0.254576 0.254576 0.254576
4541.382324 0.000000 1498.896118 0.000000 0.999985 0.000000 -0.005537 0.261415 0.261415 0.261415
4542.854492 0.000000 1495.177124 0.000000 0.998627 0.000000 -0.052380 0.301001 0.301001 0.301001
4535.432129 0.000000 1517.677490 0.000000 0.170832 0.000000 0.985300 0.238770 0.238770 0.238770
4530.395020 0.000000 1498.610352 0.000000 0.612287 0.000000 0.790636 0.266359 0.266359 0.266359
4529.909180 0.000000 1500.435059 0.000000 0.149311 0.000000 0.988790 0.269097 0.269097 0.269097
4535.893555 0.000000 1512.098511 0.000000 0.962505 0.000000 -0.271265 0.265993 0.265993 0.265993
4529.324707 0.000000 1504.191040 0.000000 0.312838 0.000000 0.949807 0.249284 0.249284 0.249284
4542.038574 0.000000 1492.577026 0.000000 0.981288 0.000000 0.192543 0.291748 0.291748 0.291748
4528.395508 0.000000 1500.924805 0.000000 0.812017 0.000000 0.583634 0.282043 0.282043 0.282043
4539.955078 0.000000 1499.648926 0.000000 0.156830 0.000000 0.987626 0.275654 0.275654 0.275654
4564.968750 0.000000 1520.718872 0.000000 0.605032 0.000000 0.796201 0.204166 0.204166 0.204166
4582.230957 0.000000 1507.122803 0.000000 0.732735 0.000000 0.680514 0.209208 0.209208 0.209208
4548.458496 0.000000 1523.059692 0.000000 0.877994 0.000000 -0.478671 0.216619 0.216619 0.216619
4551.671387 0.000000 1493.450317 0.000000 0.337765 0.000000 0.941231 0.229586 0.229586 0.229586
4555.959473 0.000000 1517.084595 0.000000 0.330291 0.000000 0.943879 0.191403 0.191403 0.191403
4553.400879 0.000000 1484.712891 0.000000 0.833683 0.000000 0.552243 0.240746 0.240746 0.240746
4558.007324 0.000000 1499.484009 0.000000 0.963368 0.000000 0.268182 0.226277 0.226277 0.226277
4552.407715 0.000000 1476.406128 0.000000 0.371169 0.000000 0.928565 0.204038 0.204038 0.204038
4544.254883 0.000000 1515.734619 0.000000 0.774016 0.000000 0.633166 0.242219 0.242219 0.242219
4559.272949 0.000000 1490.512329 0.000000 0.994385 0.000000 0.105823 0.236720 0.236720 0.236720
4546.500488 0.000000 1488.337769 0.000000 0.943181 0.000000 -0.332280 0.255792 0.255792 0.255792
4553.203613 0.000000 1504.294556 0.000000 0.960927 0.000000 -0.276801 0.224617 0.224617 0.224617
4550.215332 0.000000 1517.531372 0.000000 0.975419 0.000000 -0.220356 0.239538 0.239538 0.239538
4558.953125 0.000000 1522.565430 0.000000 0.991754 0.000000 -0.128157 0.208542 0.208542 0.208542
4545.017578 0.000000 1495.286865 0.000000 0.601954 0.000000 0.798530 0.281622 0.281622 0.281622
4544.098633 0.000000 1475.542725 0.000000 0.584493 0.000000 0.811398 0.225490 0.225490 0.225490
4553.641113 0.000000 1521.781616 0.000000 0.795070 0.000000 0.606517 0.234756 0.234756 0.234756
4561.256836 0.000000 1503.308594 0.000000 0.550224 0.000000 0.835017 0.218970 0.218970 0.218970
4565.208496 0.000000 1508.473022 0.000000 0.664084 0.000000 0.747658 0.211007 0.211007 0.211007
4589.434082 0.000000 1498.322998 0.000000 0.844789 0.000000 -0.535100 0.233617 0.233617 0.233617
4556.552734 0.000000 1494.787842 0.000000 0.927228 0.000000 -0.374497 0.219164 0.219164 0.219164
4560.971680 0.000000 1517.770752 0.000000 0.980930 0.000000 0.194362 0.231396 0.231396 0.231396
4555.929688 0.000000 1480.599609 0.000000 0.905370 0.000000 -0.424624 0.233594 0.233594 0.233594
4550.330566 0.000000 1480.690552 0.000000 0.845357 0.000000 -0.534202 0.261986 0.261986 0.261986
4558.875488 0.000000 1513.355835 0.000000 0.992458 0.000000 -0.122588 0.238518 0.238518 0.238518
4554.351562 0.000000 1489.472656 0.000000 0.630304 0.000000 0.776349 0.193809 0.193809 0.193809
4547.505371 0.000000 1512.019897 0.000000 0.988865 0.000000 -0.148814 0.227429 0.227429 0.227429
4579.991211 0.000000 1484.320190 0.000000 0.075248 0.000000 0.997165 0.226672 0.226672 0.226672
4578.015137 0.000000 1489.089233 0.000000 0.993856 0.000000 -0.110678 0.239527 0.239527 0.239527
4548.763672 0.000000 1504.786011 0.000000 0.931334 0.000000 -0.364165 0.207515 0.207515 0.207515
4555.786133 0.000000 1473.646729 0.000000 0.851047 0.000000 0.525089 0.223608 0.223608 0.223608
4581.098633 0.000000 1511.464722 0.000000 0.633843 0.000000 0.773462 0.199789 0.199789 0.199789
4545.884766 0.000000 1519.646240 0.000000 0.991207 0.000000 -0.132324 0.250538 0.250538 0.250538
4549.119141 0.000000 1485.027954 0.000000 0.776473 0.000000 0.630150 0.229725 0.229725 0.229725
4544.514160 0.000000 1484.674561 0.000000 0.007414 0.000000 0.999973 0.192236 0.192236 0.192236
4589.375000 0.000000 1493.515381 0.000000 0.846134 0.000000 -0.532971 0.251898 0.251898 0.251898
4544.156738 0.000000 1523.493896 0.000000 0.845203 0.000000 -0.534445 0.215378 0.215378 0.215378
4550.424805 0.000000 1488.953857 0.000000 0.383001 0.000000 0.923748 0.221172 0.221172 0.221172
4555.941895 0.000000 1510.397827 0.000000 0.280242 0.000000 0.959929 0.206740 0.206740 0.206740
4552.908691 0.000000 1514.493774 0.000000 0.993862 0.000000 0.110624 0.242212 0.242212 0.242212
4592.647949 0.000000 1509.069458 0.000000 0.828667 0.000000 -0.559743 0.216794 0.216794 0.216794
4549.464844 0.000000 1473.375732 0.000000 0.995464 0.000000 0.095138 0.249594 0.249594 0.249594
4574.953613 0.000000 1524.846313 0.000000 0.946711 0.000000 -0.322083 0.248720 0.248720 0.248720
4567.371094 0.000000 1511.607666 0.000000 0.450784 0.000000 0.892633 0.205256 0.205256 0.205256
4565.502930 0.000000 1516.912964 0.000000 0.487515 0.000000 0.873114 0.235876 0.235876 0.235876
4595.863281 0.000000 1492.966431 0.000000 0.953844 0.000000 -0.300301 0.239236 0.239236 0.239236
4548.957520 0.000000 1508.440796 0.000000 0.892755 0.000000 -0.450542 0.241473 0.241473 0.241473
4595.634277 0.000000 1511.321655 0.000000 0.995412 0.000000 -0.095682 0.209987 0.209987 0.209987
4544.009766 0.000000 1510.786255 0.000000 0.955646 0.000000 -0.294519 0.237446 0.237446 0.237446
4562.230469 0.000000 1506.629272 0.000000 0.465441 0.000000 0.885079 0.233596 0.233596 0.233596
4555.406250 0.000000 1501.664551 0.000000 0.535794 0.000000 0.844349 0.202983 0.202983 0.202983
4571.595215 0.000000 1519.117432 0.000000 0.366157 0.000000 0.930553 0.208513 0.208513 0.208513
4566.628418 0.000000 1498.620972 0.000000 0.894231 0.000000 0.447607 0.228202 0.228202 0.228202
4585.064941 0.000000 1520.299316 0.000000 0.798490 0.000000 0.602008 0.210585 0.210585 0.210585
4559.197266 0.000000 1480.226562 0.000000 0.725773 0.000000 0.687934 0.258889 0.258889 0.258889
4569.681152 0.000000 1502.371216 0.000000 0.962113 0.000000 -0.272652 0.221709 0.221709 0.221709
4567.836426 0.000000 1519.206665 0.000000 0.018342 0.000000 0.999832 0.217481 0.217481 0.217481
4592.580566 0.000000 1499.034546 0.000000 0.999803 0.000000 -0.019825 0.215009 0.215009 0.215009
4568.572266 0.000000 1508.058105 0.000000 0.966305 0.000000 0.257400 0.211059 0.211059 0.211059
4556.457520 0.000000 1520.369629 0.000000 0.959511 0.000000 -0.281671 0.229260 0.229260 0.229260
4585.967773 0.000000 1498.411621 0.000000 0.924738 0.000000 -0.380604 0.236038 0.236038 0.236038
4591.537109 0.000000 1495.722168 0.000000 0.997173 0.000000 0.075145 0.238707 0.238707 0.238707
4548.948730 0.000000 1468.708862 0.000000 0.209539 0.000000 0.977800 0.212031 0.212031 0.212031
4547.510742 0.000000 1515.521729 0.000000 0.643856 0.000000 0.765147 0.228301 0.228301 0.228301
4555.486816 0.000000 1477.153320 0.000000 0.705610 0.000000 0.708601 0.215141 0.215141 0.215141
4561.722656 0.000000 1520.771118 0.000000 0.986545 0.000000 -0.163493 0.245204 0.245204 0.245204
4553.084961 0.000000 1479.411621 0.000000 0.842380 0.000000 -0.538883 0.239560 0.239560 0.239560
4563.991699 0.000000 1501.821289 0.000000 0.947201 0.000000 0.320640 0.218689 0.218689 0.218689
4554.072266 0.000000 1524.765747 0.000000 0.703759 0.000000 0.710439 0.262038 0.262038 0.262038
4550.057129 0.000000 1513.531494 0.000000 0.971918 0.000000 -0.235320 0.224237 0.224237 0.224237
4565.934570 0.000000 1523.405762 0.000000 0.987267 0.000000 -0.159072 0.226388 0.226388 0.226388
4580.759766 0.000000 1489.969971 0.000000 0.162196 0.000000 0.986759 0.224239 0.224239 0.224239
4567.191895 0.000000 1514.484375 0.000000 0.999284 0.000000 0.037825 0.235192 0.235192 0.235192
4558.604980 0.000000 1516.170776 0.000000 0.438746 0.000000 0.898611 0.222777 0.222777 0.222777
4560.939453 0.000000 1484.522461 0.000000 0.933575 0.000000 0.358382 0.235109 0.235109 0.235109
4560.244141 0.000000 1497.791626 0.000000 0.892974 0.000000 0.450107 0.216375 0.216375 0.216375
4551.213379 0.000000 1506.793823 0.000000 0.991754 0.000000 0.128159 0.225972 0.225972 0.225972
4571.635742 0.000000 1491.644165 0.000000 0.894187 0.000000 0.447694 0.213175 0.213175 0.213175
4572.947754 0.000000 1498.665527 0.000000 0.374432 0.000000 0.927254 0.209592 0.209592 0.209592
4582.469727 0.000000 1495.187744 0.000000 0.980315 0.000000 -0.197438 0.238156 0.238156 0.238156
4545.451660 0.000000 1477.986206 0.000000 0.997416 0.000000 -0.071837 0.232917 0.232917 0.232917
4565.235840 0.000000 1488.454834 0.000000 0.999952 0.000000 0.009777 0.248908 0.248908 0.248908
4602.637207 0.000000 1495.527466 0.000000 0.341845 0.000000 0.939756 0.211786 0.211786 0.211786
4554.564941 0.000000 1471.142700 0.000000 0.748292 0.000000 0.663370 0.229280 0.229280 0.229280
4555.616211 0.000000 1497.934937 0.000000 0.120638 0.000000 0.992697 0.213644 0.213644 0.213644
4577.062500 0.000000 1520.667725 0.000000 0.458047 0.000000 0.888928 0.226002 0.226002 0.226002
4552.614258 0.000000 1482.122559 0.000000 0.894410 0.000000 -0.447249 0.256084 0.256084 0.256084
4559.671387 0.000000 1470.122803 0.000000 0.586117 0.000000 0.810226 0.251341 0.251341 0.251341
4605.738281 0.000000 1496.842896 0.000000 0.787053 0.000000 0.616886 0.217811 0.217811 0.217811
4551.408691 0.000000 1486.431274 0.000000 0.347906 0.000000 0.937530 0.230196 0.230196 0.230196
4556.721191 0.000000 1506.918579 0.000000 0.603671 0.000000 0.797233 0.220100 0.220100 0.220100
4558.650879 0.000000 1518.934570 0.000000 0.817421 0.000000 -0.576041 0.241191 0.241191 0.241191
4561.436523 0.000000 1492.462769 0.000000 0.365664 0.000000 0.930747 0.225455 0.225455 0.225455
4547.913086 0.000000 1479.530273 0.000000 0.183757 0.000000 0.982972 0.233647 0.233647 0.233647
4582.385742 0.000000 1485.438721 0.000000 0.999025 0.000000 0.044145 0.258552 0.258552 0.258552
4558.686523 0.000000 1483.185181 0.000000 0.859388 0.000000 -0.511324 0.238649 0.238649 0.238649
4578.111328 0.000000 1500.208984 0.000000 0.894309 0.000000 0.447450 0.220697 0.220697 0.220697
4552.173828 0.000000 1490.860107 0.000000 0.552040 0.000000 0.833818 0.228136 0.228136 0.228136
4555.442871 0.000000 1486.402344 0.000000 0.530922 0.000000 0.847421 0.216721 0.216721 0.216721
4564.436035 0.000000 1510.865601 0.000000 0.910051 0.000000 -0.414496 0.234070 0.234070 0.234070
4562.498535 0.000000 1472.411743 0.000000 0.421923 0.000000 0.906632 0.239994 0.239994 0.239994
4562.128418 0.000000 1489.355347 0.000000 0.319233 0.000000 0.947676 0.231338 0.231338 0.231338
4590.693848 0.000000 1500.652344 0.000000 0.786704 0.000000 0.617331 0.226744 0.226744 0.226744
4572.928223 0.000000 1486.473877 0.000000 0.929517 0.000000 -0.368780 0.240556 0.240556 0.240556
4607.697754 0.000000 1513.317871 0.000000 0.942688 0.000000 0.333675 0.226168 0.226168 0.226168
4559.870117 0.000000 1505.416626 0.000000 0.211190 0.000000 0.977445 0.218419 0.218419 0.218419
4557.872070 0.000000 1496.996216 0.000000 0.079463 0.000000 0.996838 0.219528 0.219528 0.219528
4563.894531 0.000000 1476.365479 0.000000 0.896566 0.000000 0.442910 0.225573 0.225573 0.225573
4607.509766 0.000000 1505.812256 0.000000 0.926829 0.000000 0.375485 0.239230 0.239230 0.239230
4545.118652 0.000000 1513.323853 0.000000 0.914272 0.000000 0.405101 0.224357 0.224357 0.224357
4568.077637 0.000000 1477.990234 0.000000 0.807998 0.000000 0.589186 0.232358 0.232358 0.232358
4600.742188 0.000000 1498.487671 0.000000 0.632406 0.000000 0.774637 0.233267 0.233267 0.233267
4607.814453 0.000000 1487.038452 0.000000 0.982618 0.000000 -0.185638 0.232902 0.232902 0.232902
4570.245605 0.000000 1487.105591 0.000000 0.958929 0.000000 -0.283647 0.242514 0.242514 0.242514
4546.944824 0.000000 1485.989746 0.000000 0.979150 0.000000 0.203139 0.235702 0.235702 0.235702
4557.612305 0.000000 1471.722412 0.000000 0.987838 0.000000 0.155488 0.252746 0.252746 0.252746
4557.487793 0.000000 1478.610474 0.000000 0.817196 0.000000 -0.576360 0.254261 0.254261 0.254261
4580.550293 0.000000 1499.387817 0.000000 0.981003 0.000000 0.193994 0.229200 0.229200 0.229200
4576.330078 0.000000 1522.891235 0.000000 0.255927 0.000000 0.966696 0.219359 0.219359 0.219359
4548.602051 0.000000 1471.199585 0.000000 0.996168 0.000000 0.087457 0.243020 0.243020 0.243020
4574.816895 0.000000 1483.031494 0.000000 0.881581 0.000000 0.472032 0.231135 0.231135 0.231135
4548.756836 0.000000 1487.386963 0.000000 0.992350 0.000000 -0.123459 0.239094 0.239094 0.239094
4558.033691 0.000000 1474.484741 0.000000 0.999919 0.000000 -0.012732 0.237947 0.237947 0.237947
4550.475098 0.000000 1483.184448 0.000000 0.689514 0.000000 0.724272 0.227381 0.227381 0.227381
4604.727539 0.000000 1471.088257 0.000000 0.963229 0.000000 0.268682 0.258971 0.258971 0.258971
4546.026855 0.000000 1517.219971 0.000000 0.893658 0.000000 0.448748 0.260212 0.260212 0.260212
4548.248535 0.000000 1489.893677 0.000000 0.977583 0.000000 0.210553 0.243303 0.243303 0.243303
4550.028809 0.000000 1491.523315 0.000000 0.998429 0.000000 0.056034 0.280117 0.280117 0.280117
4600.096680 0.000000 1496.237671 0.000000 0.157036 0.000000 0.987593 0.234294 0.234294 0.234294
4561.493164 0.000000 1512.566528 0.000000 0.613612 0.000000 0.789608 0.231477 0.231477 0.231477
4575.005371 0.000000 1503.498413 0.000000 0.700242 0.000000 0.713905 0.236317 0.236317 0.236317
4593.424316 0.000000 1507.010254 0.000000 0.952627 0.000000 -0.304141 0.243893 0.243893 0.243893
4593.031738 0.000000 1514.932251 0.000000 0.834686 0.000000 0.550727 0.238656 0.238656 0.238656
4568.641113 0.000000 1524.318237 0.000000 0.900088 0.000000 -0.435708 0.248321 0.248321 0.248321
4591.448242 0.000000 1493.101318 0.000000 0.997564 0.000000 0.069753 0.243771 0.243771 0.243771
4546.199219 0.000000 1475.706055 0.000000 0.689908 0.000000 0.723898 0.254115 0.254115 0.254115
4603.815430 0.000000 1487.313599 0.000000 0.970577 0.000000 -0.240789 0.251801 0.251801 0.251801
4596.316895 0.000000 1497.719604 0.000000 0.184326 0.000000 0.982865 0.249906 0.249906 0.249906
4601.678223 0.000000 1483.715332 0.000000 0.999989 0.000000 0.004629 0.296001 0.296001 0.296001
4605.282227 0.000000 1512.548950 0.000000 0.088040 0.000000 0.996117 0.237756 0.237756 0.237756
4596.679199 0.000000 1488.283081 0.000000 0.687062 0.000000 0.726599 0.245363 0.245363 0.245363
4573.096680 0.000000 1468.989990 0.000000 0.996560 0.000000 0.082869 0.274167 0.274167 0.274167
4544.597656 0.000000 1489.061035 0.000000 0.964217 0.000000 -0.265115 0.260149 0.260149 0.260149
4595.561035 0.000000 1494.855591 0.000000 0.178273 0.000000 0.983981 0.237424 0.237424 0.237424
4567.366211 0.000000 1471.246460 0.000000 0.568526 0.000000 0.822665 0.243519 0.243519 0.243519
4607.825195 0.000000 1481.846436 0.000000 0.814091 0.000000 0.580737 0.259732 0.259732 0.259732
4601.814453 0.000000 1487.436157 0.000000 0.815319 0.000000 -0.579012 0.269201 0.269201 0.269201
4571.120117 0.000000 1470.542358 0.000000 0.359128 0.000000 0.933288 0.245545 0.245545 0.245545
4580.749023 0.000000 1477.963257 0.000000 0.185524 0.000000 0.982640 0.263610 0.263610 0.263610
4561.145996 0.000000 1471.147949 0.000000 0.937363 0.000000 -0.348355 0.268198 0.268198 0.268198
4596.916016 0.000000 1475.956787 0.000000 0.920807 0.000000 -0.390019 0.307577 0.307577 0.307577
4579.182129 0.000000 1475.360107 0.000000 0.939208 0.000000 0.343347 0.274653 0.274653 0.274653
4595.291016 0.000000 1479.017822 0.000000 0.645989 0.000000 0.763347 0.284682 0.284682 0.284682
4578.937012 0.000000 1470.378418 0.000000 0.781633 0.000000 0.623739 0.281741 0.281741 0.281741
4597.929688 0.000000 1484.664429 0.000000 0.810402 0.000000 0.585874 0.278889 0.278889 0.278889
4580.990723 0.000000 1469.279297 0.000000 0.086731 0.000000 0.996232 0.267614 0.267614 0.267614
4560.728516 0.000000 1468.600342 0.000000 0.151215 0.000000 0.988501 0.253227 0.253227 0.253227
4558.749512 0.000000 1468.624878 0.000000 0.951605 0.000000 -0.307325 0.276327 0.276327 0.276327
4589.674805 0.000000 1481.597168 0.000000 0.926211 0.000000 -0.377006 0.289641 0.289641 0.289641
4544.043457 0.000000 1492.844849 0.000000 0.970911 0.000000 -0.239440 0.304554 0.304554 0.304554
4596.078125 0.000000 1485.264404 0.000000 0.952476 0.000000 -0.304614 0.293694 0.293694 0.293694
4586.439941 0.000000 1480.817627 0.000000 0.013472 0.000000 0.999909 0.258200 0.258200 0.258200
4586.135254 0.000000 1473.093262 0.000000 0.635956 0.000000 0.771725 0.283849 0.283849 0.283849
4596.080566 0.000000 1481.787231 0.000000 0.013300 0.000000 0.999912 0.272412 0.272412 0.272412
4589.531250 0.000000 1486.986816 0.000000 0.988127 0.000000 -0.153640 0.280401 0.280401 0.280401
4602.082520 0.000000 1472.818237 0.000000 0.625859 0.000000 0.779936 0.270630 0.270630 0.270630
4597.071289 0.000000 1473.335083 0.000000 0.964406 0.000000 -0.264426 0.305111 0.305111 0.305111
4547.597168 0.000000 1493.700317 0.000000 0.032066 0.000000 0.999486 0.270374 0.270374 0.270374
4582.707031 0.000000 1477.151001 0.000000 0.219058 0.000000 0.975712 0.268371 0.268371 0.268371
4590.421387 0.000000 1477.640869 0.000000 0.973770 0.000000 -0.227535 0.303954 0.303954 0.303954
4588.188965 0.000000 1473.614868 0.000000 0.054784 0.000000 0.998498 0.273204 0.273204 0.273204
4596.241699 0.000000 1480.328491 0.000000 0.901859 0.000000 -0.432031 0.307913 0.307913 0.307913
4556.978516 0.000000 1525.814087 0.000000 0.986226 0.000000 0.165401 0.237201 0.237201 0.237201
4593.272949 0.000000 1558.703003 0.000000 0.830411 0.000000 -0.557151 0.205605 0.205605 0.205605
4546.396484 0.000000 1526.940308 0.000000 0.456645 0.000000 0.889649 0.192745 0.192745 0.192745
4564.569336 0.000000 1530.464600 0.000000 0.821847 0.000000 -0.569708 0.264883 0.264883 0.264883
4552.407715 0.000000 1532.890503 0.000000 0.599061 0.000000 0.800703 0.216458 0.216458 0.216458
4570.122559 0.000000 1535.886475 0.000000 0.842674 0.000000 0.538424 0.240403 0.240403 0.240403
4588.760254 0.000000 1563.583252 0.000000 0.890373 0.000000 0.455232 0.199116 0.199116 0.199116
4585.260742 0.000000 1569.300293 0.000000 0.658844 0.000000 0.752280 0.196386 0.196386 0.196386
4558.873047 0.000000 1533.125244 0.000000 0.380583 0.000000 0.924747 0.193510 0.193510 0.193510
4567.491699 0.000000 1525.709595 0.000000 0.910579 0.000000 0.413335 0.214574 0.214574 0.214574
4551.914551 0.000000 1526.915039 0.000000 0.150094 0.000000 0.988672 0.202662 0.202662 0.202662
4580.276367 0.000000 1558.324829 0.000000 0.403416 0.000000 0.915017 0.212880 0.212880 0.212880
4562.283691 0.000000 1526.210815 0.000000 0.995802 0.000000 -0.091537 0.222942 0.222942 0.222942
4582.535645 0.000000 1554.586182 0.000000 0.994691 0.000000 -0.102905 0.227567 0.227567 0.227567
4555.786133 0.000000 1530.131104 0.000000 0.264723 0.000000 0.964325 0.219940 0.219940 0.219940
4603.211426 0.000000 1554.696289 0.000000 0.998514 0.000000 -0.054487 0.215295 0.215295 0.215295
4548.047852 0.000000 1533.428223 0.000000 0.907867 0.000000 -0.419258 0.206218 0.206218 0.206218
4559.831543 0.000000 1529.250000 0.000000 0.788595 0.000000 0.614913 0.225724 0.225724 0.225724
4549.464844 0.000000 1529.860107 0.000000 0.592314 0.000000 0.805707 0.243872 0.243872 0.243872
4585.656250 0.000000 1565.187866 0.000000 0.398341 0.000000 0.917238 0.214335 0.214335 0.214335
4590.042969 0.000000 1530.932739 0.000000 0.991995 0.000000 0.126275 0.205490 0.205490 0.205490
4572.431641 0.000000 1532.585938 0.000000 0.611269 0.000000 0.791423 0.223779 0.223779 0.223779
4595.759277 0.000000 1556.442993 0.000000 0.912345 0.000000 -0.409422 0.218900 0.218900 0.218900
4579.104004 0.000000 1533.620239 0.000000 0.809924 0.000000 -0.586534 0.215875 0.215875 0.215875
4555.486816 0.000000 1533.637695 0.000000 0.878810 0.000000 0.477171 0.221995 0.221995 0.221995
4552.667480 0.000000 1529.857300 0.000000 0.690892 0.000000 0.722958 0.219632 0.219632 0.219632
4605.032715 0.000000 1547.266235 0.000000 0.917607 0.000000 0.397489 0.214722 0.214722 0.214722
4561.664551 0.000000 1531.734131 0.000000 0.335892 0.000000 0.941900 0.232024 0.232024 0.232024
4574.961914 0.000000 1526.039429 0.000000 0.823423 0.000000 -0.567428 0.229845 0.229845 0.229845
4574.608887 0.000000 1530.617798 0.000000 0.889694 0.000000 0.456557 0.253184 0.253184 0.253184
4582.337891 0.000000 1538.814331 0.000000 0.849001 0.000000 -0.528392 0.275556 0.275556 0.275556
4579.200195 0.000000 1537.875122 0.000000 0.768110 0.000000 0.640318 0.236901 0.236901 0.236901
4580.575195 0.000000 1527.467163 0.000000 0.991432 0.000000 0.130624 0.223735 0.223735 0.223735
4573.958984 0.000000 1535.278442 0.000000 0.590877 0.000000 0.806762 0.235746 0.235746 0.235746
4588.352051 0.000000 1542.339233 0.000000 0.828752 0.000000 0.559616 0.217920 0.217920 0.217920
4602.637207 0.000000 1552.011841 0.000000 0.142870 0.000000 0.989741 0.245081 0.245081 0.245081
4554.564941 0.000000 1527.627075 0.000000 0.294093 0.000000 0.955777 0.223196 0.223196 0.223196
4559.671387 0.000000 1526.607178 0.000000 0.414951 0.000000 0.909844 0.232971 0.232971 0.232971
4582.646484 0.000000 1557.235352 0.000000 0.013986 0.000000 0.999902 0.229322 0.229322 0.229322
4553.795410 0.000000 1525.102539 0.000000 0.792958 0.000000 0.609277 0.270152 0.270152 0.270152
4593.394043 0.000000 1550.407837 0.000000 0.463268 0.000000 0.886218 0.226062 0.226062 0.226062
4605.638184 0.000000 1544.801392 0.000000 0.999062 0.000000 -0.043306 0.227575 0.227575 0.227575
4581.463867 0.000000 1532.683472 0.000000 0.980955 0.000000 0.194237 0.253371 0.253371 0.253371
4585.128906 0.000000 1545.943848 0.000000 0.538145 0.000000 0.842852 0.223912 0.223912 0.223912
4562.498535 0.000000 1528.896118 0.000000 0.999209 0.000000 0.039773 0.234056 0.234056 0.234056
4591.339355 0.000000 1525.324097 0.000000 0.849090 0.000000 -0.528249 0.237076 0.237076 0.237076
4568.077637 0.000000 1534.474609 0.000000 0.354857 0.000000 0.934921 0.232248 0.232248 0.232248
4557.612305 0.000000 1528.206787 0.000000 0.978758 0.000000 -0.205018 0.236520 0.236520 0.236520
4585.650879 0.000000 1534.364868 0.000000 0.945283 0.000000 -0.326251 0.289397 0.289397 0.289397
4603.739258 0.000000 1529.584717 0.000000 0.509419 0.000000 0.860519 0.231642 0.231642 0.231642
4595.914062 0.000000 1530.866455 0.000000 0.880116 0.000000 -0.474758 0.239405 0.239405 0.239405
4558.033691 0.000000 1530.969116 0.000000 0.903651 0.000000 0.428270 0.234852 0.234852 0.234852
4607.273438 0.000000 1536.469238 0.000000 0.689659 0.000000 0.724134 0.234609 0.234609 0.234609
4599.794922 0.000000 1538.084351 0.000000 0.909275 0.000000 0.416196 0.235528 0.235528 0.235528
4570.165527 0.000000 1533.335938 0.000000 0.057415 0.000000 0.998350 0.223138 0.223138 0.223138
4600.096680 0.000000 1552.722046 0.000000 0.619969 0.000000 0.784626 0.227473 0.227473 0.227473
4583.465820 0.000000 1534.963867 0.000000 0.997379 0.000000 -0.072353 0.275818 0.275818 0.275818
4591.085449 0.000000 1563.906250 0.000000 0.205592 0.000000 0.978638 0.228583 0.228583 0.228583
4582.962402 0.000000 1569.258057 0.000000 0.794946 0.000000 0.606681 0.232131 0.232131 0.232131
4605.252441 0.000000 1535.504517 0.000000 0.981265 0.000000 -0.192664 0.248953 0.248953 0.248953
4600.246582 0.000000 1527.935059 0.000000 0.318512 0.000000 0.947919 0.237692 0.237692 0.237692
4601.678223 0.000000 1540.199707 0.000000 0.969330 0.000000 -0.245763 0.266804 0.266804 0.266804
4548.035156 0.000000 1531.297852 0.000000 0.974788 0.000000 -0.223132 0.259046 0.259046 0.259046
4589.674805 0.000000 1538.081543 0.000000 0.467270 0.000000 0.884115 0.261844 0.261844 0.261844
4586.439941 0.000000 1537.302002 0.000000 0.079913 0.000000 0.996802 0.261510 0.261510 0.261510
4622.953125 0.000000 1466.081055 0.000000 0.664683 0.000000 0.747126 0.194186 0.194186 0.194186
4618.072266 0.000000 1468.281372 0.000000 0.971824 0.000000 0.235706 0.221662 0.221662 0.221662
4609.118652 0.000000 1456.839478 0.000000 0.371153 0.000000 0.928572 0.277147 0.277147 0.277147
4612.166992 0.000000 1460.873901 0.000000 0.959155 0.000000 0.282881 0.261496 0.261496 0.261496
4608.517090 0.000000 1461.886353 0.000000 0.816408 0.000000 0.577475 0.285276 0.285276 0.285276
4611.051758 0.000000 1461.961792 0.000000 0.993386 0.000000 0.114821 0.281448 0.281448 0.281448
4626.127930 0.000000 1481.869751 0.000000 0.890193 0.000000 0.455583 0.196871 0.196871 0.196871
4615.979980 0.000000 1510.729004 0.000000 0.910824 0.000000 -0.412796 0.202847 0.202847 0.202847
4622.873047 0.000000 1476.640869 0.000000 0.993242 0.000000 0.116058 0.213334 0.213334 0.213334
4622.220703 0.000000 1485.674683 0.000000 0.900098 0.000000 0.435687 0.205747 0.205747 0.205747
4619.929688 0.000000 1480.599609 0.000000 0.373196 0.000000 0.927753 0.229996 0.229996 0.229996
4623.831543 0.000000 1472.765625 0.000000 0.671138 0.000000 0.741332 0.202245 0.202245 0.202245
4608.009766 0.000000 1510.786255 0.000000 0.576812 0.000000 0.816877 0.244650 0.244650 0.244650
4623.197266 0.000000 1480.226562 0.000000 0.022188 0.000000 0.999754 0.202096 0.202096 0.202096
4619.486816 0.000000 1477.153320 0.000000 0.309957 0.000000 0.950751 0.223858 0.223858 0.223858
4614.057129 0.000000 1513.531494 0.000000 0.999431 0.000000 0.033737 0.214568 0.214568 0.214568
4616.614258 0.000000 1482.122559 0.000000 0.622110 0.000000 0.782930 0.246354 0.246354 0.246354
4617.795410 0.000000 1468.618164 0.000000 0.622978 0.000000 0.782240 0.224951 0.224951 0.224951
4612.384766 0.000000 1519.366455 0.000000 0.551902 0.000000 0.833909 0.225091 0.225091 0.225091
4610.311035 0.000000 1505.204834 0.000000 0.985267 0.000000 -0.171025 0.237882 0.237882 0.237882
4609.118652 0.000000 1513.323853 0.000000 0.968958 0.000000 -0.247223 0.240970 0.240970 0.240970
4614.070312 0.000000 1475.633667 0.000000 0.832063 0.000000 -0.554680 0.255746 0.255746 0.255746
4612.756836 0.000000 1487.386963 0.000000 0.283080 0.000000 0.959096 0.227984 0.227984 0.227984
4614.475098 0.000000 1483.184448 0.000000 0.885160 0.000000 -0.465287 0.266913 0.266913 0.266913
4610.199219 0.000000 1475.706055 0.000000 0.999991 0.000000 0.004285 0.259610 0.259610 0.259610
4609.654297 0.000000 1482.951904 0.000000 0.961538 0.000000 -0.274673 0.253355 0.253355 0.253355
4612.035156 0.000000 1474.813477 0.000000 0.967085 0.000000 -0.254453 0.255987 0.255987 0.255987
4612.189941 0.000000 1513.757080 0.000000 0.659865 0.000000 0.751384 0.252055 0.252055 0.252055
4608.371582 0.000000 1473.678589 0.000000 0.988781 0.000000 -0.149369 0.266098 0.266098 0.266098
4621.317383 0.000000 1521.821045 0.000000 0.984305 0.000000 -0.176473 0.272738 0.272738 0.272738
4618.663574 0.000000 1523.178711 0.000000 0.737128 0.000000 0.675753 0.277053 0.277053 0.277053
4619.959473 0.000000 1573.568970 0.000000 0.256605 0.000000 0.966516 0.191292 0.191292 0.191292
4617.400879 0.000000 1541.197266 0.000000 0.280676 0.000000 0.959803 0.206744 0.206744 0.206744
4623.272949 0.000000 1546.996704 0.000000 0.705436 0.000000 0.708773 0.209404 0.209404 0.209404
4617.203613 0.000000 1560.778931 0.000000 0.355233 0.000000 0.934778 0.221374 0.221374 0.221374
4618.351562 0.000000 1545.957031 0.000000 0.999076 0.000000 0.042988 0.247412 0.247412 0.247412
4612.763672 0.000000 1561.270386 0.000000 0.972157 0.000000 -0.234331 0.240832 0.240832 0.240832
4619.786133 0.000000 1530.131104 0.000000 0.815225 0.000000 -0.579145 0.226427 0.226427 0.226427
4611.837402 0.000000 1548.640259 0.000000 0.305757 0.000000 0.952110 0.263606 0.263606 0.263606
4614.424805 0.000000 1545.438232 0.000000 0.997268 0.000000 -0.073871 0.235194 0.235194 0.235194
4614.724121 0.000000 1558.585571 0.000000 0.748982 0.000000 0.662590 0.237618 0.237618 0.237618
4620.526855 0.000000 1548.123901 0.000000 0.966455 0.000000 -0.256835 0.238202 0.238202 0.238202
4608.042480 0.000000 1525.085449 0.000000 0.035936 0.000000 0.999354 0.206091 0.206091 0.206091
4621.099609 0.000000 1544.854736 0.000000 0.658692 0.000000 0.752412 0.214054 0.214054 0.214054
4620.083496 0.000000 1570.592041 0.000000 0.947954 0.000000 -0.318408 0.236542 0.236542 0.236542
4609.451660 0.000000 1534.470581 0.000000 0.519214 0.000000 0.854644 0.271592 0.271592 0.271592
4615.408691 0.000000 1542.915649 0.000000 0.969082 0.000000 -0.246739 0.250149 0.250149 0.250149
4618.329590 0.000000 1549.782715 0.000000 0.945267 0.000000 -0.326298 0.227386 0.227386 0.227386
4611.913086 0.000000 1536.014648 0.000000 0.946248 0.000000 0.323441 0.294104 0.294104 0.294104
4616.173828 0.000000 1547.344482 0.000000 0.987948 0.000000 0.154784 0.239520 0.239520 0.239520
4610.311035 0.000000 1561.689209 0.000000 0.042892 0.000000 0.999080 0.230121 0.230121 0.230121
4613.141602 0.000000 1550.584351 0.000000 0.635697 0.000000 0.771938 0.236380 0.236380 0.236380
4610.069824 0.000000 1549.899780 0.000000 0.894336 0.000000 -0.447397 0.289637 0.289637 0.289637
4617.322266 0.000000 1544.045776 0.000000 0.700228 0.000000 0.713920 0.243527 0.243527 0.243527
4610.199219 0.000000 1532.190430 0.000000 0.833780 0.000000 0.552097 0.244963 0.244963 0.244963
4609.654297 0.000000 1539.436279 0.000000 0.999623 0.000000 -0.027455 0.254952 0.254952 0.254952
4611.099121 0.000000 1551.779785 0.000000 0.584696 0.000000 0.811253 0.272328 0.272328 0.272328
4612.789062 0.000000 1558.935059 0.000000 0.988446 0.000000 -0.151574 0.262142 0.262142 0.262142
4608.371582 0.000000 1530.162964 0.000000 0.870582 0.000000 0.492023 0.252681 0.252681 0.252681
4620.062012 0.000000 1546.383545 0.000000 0.681790 0.000000 0.731548 0.271762 0.271762 0.271762
4615.699707 0.000000 1540.932983 0.000000 0.166258 0.000000 0.986082 0.252023 0.252023 0.252023
4611.049316 0.000000 1537.348999 0.000000 0.820774 0.000000 0.571253 0.289116 0.289116 0.289116
4611.597168 0.000000 1550.184692 0.000000 0.112660 0.000000 0.993634 0.264334 0.264334 0.264334
4612.846680 0.000000 1539.985474 0.000000 0.253395 0.000000 0.967363 0.275287 0.275287 0.275287
5650.283691 0.000000 1187.304565 0.000000 0.985690 0.000000 0.168571 0.198824 0.198824 0.198824
5651.771973 0.000000 1208.797363 0.000000 0.397828 0.000000 0.917460 0.194659 0.194659 0.194659
5652.994629 0.000000 1188.724609 0.000000 0.015311 0.000000 0.999883 0.216973 0.216973 0.216973
"}
object={
	name="cypress_mediterranean_dense_generator_1_1"
	clamp_to_water_level=no
	render_under_water=no
	generated_content=yes
	layer="semidynamic"
	pdxmesh="tree_cypress_mediterranean_01_mesh"
	count=228
	transform="4551.979980 0.000000 1454.244629 0.000000 0.305829 0.000000 -0.952086 0.229572 0.229572 0.229572
4605.658691 0.000000 1447.425171 0.000000 0.284622 0.000000 -0.958640 0.243520 0.243520 0.243520
4570.364746 0.000000 1437.670654 0.000000 0.060821 0.000000 -0.998149 0.233620 0.233620 0.233620
4557.506836 0.000000 1447.923828 0.000000 0.726430 0.000000 -0.687240 0.226460 0.226460 0.226460
4573.530273 0.000000 1439.401733 0.000000 0.328850 0.000000 -0.944382 0.282146 0.282146 0.282146
4576.449219 0.000000 1438.104736 0.000000 0.469641 0.000000 -0.882858 0.303389 0.303389 0.303389
4554.072266 0.000000 1468.281372 0.000000 0.449462 0.000000 -0.893300 0.259165 0.259165 0.259165
4602.631836 0.000000 1447.245850 0.000000 0.496761 0.000000 -0.867887 0.257944 0.257944 0.257944
4577.448730 0.000000 1435.406128 0.000000 0.549078 0.000000 -0.835771 0.227862 0.227862 0.227862
4558.604980 0.000000 1459.686401 0.000000 0.129685 0.000000 -0.991555 0.324980 0.324980 0.324980
4556.721191 0.000000 1450.434204 0.000000 0.009856 0.000000 -0.999951 0.273375 0.273375 0.273375
4556.375000 0.000000 1466.777222 0.000000 0.655859 0.000000 -0.754884 0.288782 0.288782 0.288782
4554.235840 0.000000 1455.793579 0.000000 0.710459 0.000000 -0.703739 0.267637 0.267637 0.267637
4571.190918 0.000000 1440.418823 0.000000 0.637853 0.000000 -0.770158 0.285427 0.285427 0.285427
4607.509766 0.000000 1449.327881 0.000000 0.196288 0.000000 -0.980546 0.254541 0.254541 0.254541
4558.401855 0.000000 1453.805176 0.000000 0.716602 0.000000 -0.697483 0.303459 0.303459 0.303459
4560.382324 0.000000 1467.925781 0.000000 0.560542 0.000000 -0.828126 0.302362 0.302362 0.302362
4561.493164 0.000000 1456.082153 0.000000 0.449667 0.000000 -0.893197 0.319273 0.319273 0.319273
4571.443848 0.000000 1444.374390 0.000000 0.186068 0.000000 -0.982537 0.324923 0.324923 0.324923
4584.179688 0.000000 1440.294067 0.000000 0.359291 0.000000 -0.933226 0.319396 0.319396 0.319396
4584.199219 0.000000 1442.955322 0.000000 0.549013 0.000000 -0.835814 0.318085 0.318085 0.318085
4562.979980 0.000000 1452.123169 0.000000 0.737054 0.000000 -0.675834 0.313701 0.313701 0.313701
4565.917480 0.000000 1456.371582 0.000000 0.026459 0.000000 -0.999650 0.327933 0.327933 0.327933
4554.618164 0.000000 1463.552612 0.000000 0.371321 0.000000 -0.928504 0.297420 0.297420 0.297420
4573.614258 0.000000 1443.837280 0.000000 0.496229 0.000000 -0.868192 0.319020 0.319020 0.319020
4556.919922 0.000000 1462.145142 0.000000 0.508905 0.000000 -0.860823 0.311507 0.311507 0.311507
4605.535645 0.000000 1466.284912 0.000000 0.700176 0.000000 -0.713970 0.286692 0.286692 0.286692
4587.765137 0.000000 1441.393677 0.000000 0.518008 0.000000 -0.855376 0.309442 0.309442 0.309442
4570.057129 0.000000 1447.572510 0.000000 0.600323 0.000000 -0.799757 0.316939 0.316939 0.316939
4563.070801 0.000000 1455.477173 0.000000 0.103953 0.000000 -0.994582 0.326528 0.326528 0.326528
4560.310547 0.000000 1459.704834 0.000000 0.788578 0.000000 -0.614935 0.311632 0.311632 0.311632
4563.343262 0.000000 1463.710449 0.000000 0.557008 0.000000 -0.830507 0.317029 0.317029 0.317029
4560.425781 0.000000 1462.812378 0.000000 0.779649 0.000000 -0.626217 0.312164 0.312164 0.312164
4594.861328 0.000000 1467.626831 0.000000 0.735722 0.000000 -0.677283 0.314211 0.314211 0.314211
4600.427734 0.000000 1463.980347 0.000000 0.180593 0.000000 -0.983558 0.325179 0.325179 0.325179
4581.817871 0.000000 1445.676147 0.000000 0.294593 0.000000 -0.955623 0.324289 0.324289 0.324289
4559.354980 0.000000 1458.331421 0.000000 0.000521 0.000000 -1.000000 0.327226 0.327226 0.327226
4586.059082 0.000000 1447.392334 0.000000 0.804048 0.000000 -0.594564 0.311922 0.311922 0.311922
4568.325195 0.000000 1461.249634 0.000000 0.186326 0.000000 -0.982488 0.324348 0.324348 0.324348
4584.728027 0.000000 1454.922974 0.000000 0.265532 0.000000 -0.964102 0.324867 0.324867 0.324867
4571.304688 0.000000 1457.248047 0.000000 0.531219 0.000000 -0.847235 0.318850 0.318850 0.318850
4579.506348 0.000000 1443.979492 0.000000 0.729319 0.000000 -0.684173 0.314390 0.314390 0.314390
4570.283691 0.000000 1458.655273 0.000000 0.463490 0.000000 -0.886102 0.319491 0.319491 0.319491
4593.352051 0.000000 1465.243042 0.000000 0.543209 0.000000 -0.839598 0.319033 0.319033 0.319033
4574.348145 0.000000 1442.447754 0.000000 0.121269 0.000000 -0.992620 0.327678 0.327678 0.327678
4564.063965 0.000000 1452.983643 0.000000 0.763778 0.000000 -0.645479 0.313059 0.313059 0.313059
4589.684570 0.000000 1455.020142 0.000000 0.183873 0.000000 -0.982950 0.326468 0.326468 0.326468
4583.243164 0.000000 1463.009644 0.000000 0.661552 0.000000 -0.749899 0.315654 0.315654 0.315654
4574.684082 0.000000 1454.369995 0.000000 0.252093 0.000000 -0.967703 0.325084 0.325084 0.325084
4596.601074 0.000000 1463.046997 0.000000 0.636684 0.000000 -0.771125 0.316818 0.316818 0.316818
4593.044434 0.000000 1461.189697 0.000000 0.083743 0.000000 -0.996487 0.328399 0.328399 0.328399
4518.230957 0.000000 1507.122803 0.000000 0.281351 0.000000 -0.959605 0.224808 0.224808 0.224808
4529.272949 0.000000 1502.218628 0.000000 0.669681 0.000000 -0.742649 0.259202 0.259202 0.259202
4543.487305 0.000000 1498.821411 0.000000 0.629394 0.000000 -0.777086 0.214944 0.214944 0.214944
4524.760254 0.000000 1507.098877 0.000000 0.595420 0.000000 -0.803415 0.254791 0.254791 0.254791
4532.365234 0.000000 1507.859985 0.000000 0.604491 0.000000 -0.796612 0.263854 0.263854 0.263854
4535.107910 0.000000 1513.795044 0.000000 0.331420 0.000000 -0.943483 0.278300 0.278300 0.278300
4541.212891 0.000000 1493.985474 0.000000 0.386320 0.000000 -0.922365 0.265588 0.265588 0.265588
4539.211426 0.000000 1498.211914 0.000000 0.808643 0.000000 -0.588300 0.310834 0.310834 0.310834
4534.381836 0.000000 1497.921387 0.000000 0.767364 0.000000 -0.641212 0.261183 0.261183 0.261183
4527.868652 0.000000 1517.004761 0.000000 0.159841 0.000000 -0.987143 0.227086 0.227086 0.227086
4537.910645 0.000000 1516.544800 0.000000 0.248079 0.000000 -0.968740 0.267299 0.267299 0.267299
4539.981445 0.000000 1523.812988 0.000000 0.806878 0.000000 -0.590718 0.255056 0.255056 0.255056
4531.402344 0.000000 1522.561035 0.000000 0.754054 0.000000 -0.656812 0.305613 0.305613 0.305613
4521.656250 0.000000 1508.703491 0.000000 0.679959 0.000000 -0.733250 0.233645 0.233645 0.233645
4535.062500 0.000000 1519.611206 0.000000 0.240412 0.000000 -0.970671 0.250902 0.250902 0.250902
4527.537109 0.000000 1495.722168 0.000000 0.432633 0.000000 -0.901570 0.244458 0.244458 0.244458
4538.631836 0.000000 1503.730225 0.000000 0.667103 0.000000 -0.744965 0.251953 0.251953 0.251953
4530.798340 0.000000 1505.274902 0.000000 0.441286 0.000000 -0.897367 0.308326 0.308326 0.308326
4539.000977 0.000000 1506.394775 0.000000 0.537792 0.000000 -0.843077 0.265435 0.265435 0.265435
4536.742188 0.000000 1498.487671 0.000000 0.588493 0.000000 -0.808502 0.308686 0.308686 0.308686
4542.994629 0.000000 1516.217529 0.000000 0.539442 0.000000 -0.842022 0.280289 0.280289 0.280289
4526.782227 0.000000 1510.657837 0.000000 0.532794 0.000000 -0.846245 0.317455 0.317455 0.317455
4540.008301 0.000000 1510.870972 0.000000 0.757166 0.000000 -0.653222 0.245768 0.245768 0.245768
4535.405273 0.000000 1503.446899 0.000000 0.614848 0.000000 -0.788646 0.250250 0.250250 0.250250
4539.305664 0.000000 1518.372803 0.000000 0.612159 0.000000 -0.790734 0.258840 0.258840 0.258840
4538.561523 0.000000 1500.353027 0.000000 0.513457 0.000000 -0.858115 0.274469 0.274469 0.274469
4537.190430 0.000000 1510.700562 0.000000 0.547693 0.000000 -0.836679 0.254815 0.254815 0.254815
4522.678223 0.000000 1506.768799 0.000000 0.424058 0.000000 -0.905635 0.262603 0.262603 0.262603
4525.814941 0.000000 1505.139893 0.000000 0.468238 0.000000 -0.883602 0.258307 0.258307 0.258307
4527.436035 0.000000 1503.315063 0.000000 0.455603 0.000000 -0.890183 0.267810 0.267810 0.267810
4530.394043 0.000000 1520.715576 0.000000 0.610653 0.000000 -0.791898 0.266829 0.266829 0.266829
4540.034180 0.000000 1516.416992 0.000000 0.136157 0.000000 -0.990687 0.270566 0.270566 0.270566
4530.750488 0.000000 1509.146973 0.000000 0.431788 0.000000 -0.901975 0.274394 0.274394 0.274394
4533.007812 0.000000 1509.744141 0.000000 0.123442 0.000000 -0.992352 0.277815 0.277815 0.277815
4542.970703 0.000000 1491.249756 0.000000 0.607854 0.000000 -0.794049 0.277943 0.277943 0.277943
4531.318359 0.000000 1502.235229 0.000000 0.264187 0.000000 -0.964472 0.292657 0.292657 0.292657
4537.007324 0.000000 1514.254272 0.000000 0.056850 0.000000 -0.998383 0.274108 0.274108 0.274108
4540.473145 0.000000 1495.577759 0.000000 0.615837 0.000000 -0.787874 0.304397 0.304397 0.304397
4537.187988 0.000000 1500.079102 0.000000 0.808135 0.000000 -0.588997 0.312029 0.312029 0.312029
4545.451172 0.000000 1480.769409 0.000000 0.041313 0.000000 -0.999146 0.229977 0.229977 0.229977
4545.318848 0.000000 1507.482178 0.000000 0.283711 0.000000 -0.958910 0.221681 0.221681 0.221681
4585.563477 0.000000 1495.084717 0.000000 0.078536 0.000000 -0.996911 0.247471 0.247471 0.247471
4593.272949 0.000000 1502.218628 0.000000 0.123182 0.000000 -0.992384 0.229284 0.229284 0.229284
4546.396484 0.000000 1470.455933 0.000000 0.702818 0.000000 -0.711370 0.242978 0.242978 0.242978
4582.893555 0.000000 1488.041138 0.000000 0.137588 0.000000 -0.990490 0.262204 0.262204 0.262204
4564.089355 0.000000 1513.410645 0.000000 0.038314 0.000000 -0.999266 0.243386 0.243386 0.243386
4585.260742 0.000000 1512.815918 0.000000 0.082928 0.000000 -0.996556 0.217009 0.217009 0.217009
4569.621582 0.000000 1516.468628 0.000000 0.503789 0.000000 -0.863827 0.211249 0.211249 0.211249
4558.873047 0.000000 1476.640869 0.000000 0.054912 0.000000 -0.998491 0.245785 0.245785 0.245785
4599.107910 0.000000 1513.795044 0.000000 0.194975 0.000000 -0.980808 0.215539 0.215539 0.215539
4551.914551 0.000000 1470.430664 0.000000 0.731577 0.000000 -0.681759 0.234170 0.234170 0.234170
4558.220703 0.000000 1485.674683 0.000000 0.144019 0.000000 -0.989575 0.263412 0.263412 0.263412
4569.505859 0.000000 1522.365479 0.000000 0.731776 0.000000 -0.681545 0.237162 0.237162 0.237162
4562.817383 0.000000 1499.037598 0.000000 0.787313 0.000000 -0.616554 0.220908 0.220908 0.220908
4561.260254 0.000000 1495.050903 0.000000 0.788684 0.000000 -0.614798 0.244059 0.244059 0.244059
4548.047852 0.000000 1476.943848 0.000000 0.526779 0.000000 -0.850002 0.234813 0.234813 0.234813
4547.837402 0.000000 1492.155884 0.000000 0.476546 0.000000 -0.879150 0.314021 0.314021 0.314021
4582.889160 0.000000 1492.033325 0.000000 0.603646 0.000000 -0.797252 0.248568 0.248568 0.248568
4559.831543 0.000000 1472.765625 0.000000 0.770429 0.000000 -0.637526 0.261726 0.261726 0.261726
4597.013672 0.000000 1503.240112 0.000000 0.801084 0.000000 -0.598552 0.223086 0.223086 0.223086
4561.939453 0.000000 1510.389282 0.000000 0.746712 0.000000 -0.665147 0.248332 0.248332 0.248332
4588.376953 0.000000 1514.861450 0.000000 0.447357 0.000000 -0.894355 0.225802 0.225802 0.225802
4562.579102 0.000000 1523.782593 0.000000 0.747675 0.000000 -0.664065 0.226783 0.226783 0.226783
4573.392090 0.000000 1513.267212 0.000000 0.591869 0.000000 -0.806034 0.214704 0.214704 0.214704
4553.866211 0.000000 1507.666138 0.000000 0.390731 0.000000 -0.920505 0.237460 0.237460 0.237460
4605.611816 0.000000 1507.353394 0.000000 0.778909 0.000000 -0.627137 0.213318 0.213318 0.213318
4550.507812 0.000000 1520.684937 0.000000 0.094930 0.000000 -0.995484 0.263969 0.263969 0.263969
4553.278320 0.000000 1518.677368 0.000000 0.748247 0.000000 -0.663420 0.230952 0.230952 0.230952
4546.356934 0.000000 1473.491943 0.000000 0.073666 0.000000 -0.997283 0.275847 0.275847 0.275847
4552.667480 0.000000 1473.372925 0.000000 0.699795 0.000000 -0.714343 0.222595 0.222595 0.222595
4569.916992 0.000000 1513.359985 0.000000 0.592809 0.000000 -0.805343 0.235906 0.235906 0.235906
4544.936035 0.000000 1491.203247 0.000000 0.656994 0.000000 -0.753895 0.305398 0.305398 0.305398
4556.112305 0.000000 1483.500488 0.000000 0.719470 0.000000 -0.694523 0.242739 0.242739 0.242739
4561.664551 0.000000 1475.249756 0.000000 0.169426 0.000000 -0.985543 0.256103 0.256103 0.256103
4551.437500 0.000000 1523.637329 0.000000 0.441332 0.000000 -0.897344 0.245601 0.245601 0.245601
4547.820801 0.000000 1482.399170 0.000000 0.164918 0.000000 -0.986307 0.258064 0.258064 0.258064
4561.360840 0.000000 1514.754150 0.000000 0.029712 0.000000 -0.999559 0.290764 0.290764 0.290764
4557.099609 0.000000 1488.370361 0.000000 0.682778 0.000000 -0.730626 0.236621 0.236621 0.236621
4580.029297 0.000000 1487.146484 0.000000 0.714125 0.000000 -0.700019 0.253059 0.253059 0.253059
4560.186523 0.000000 1487.744995 0.000000 0.444856 0.000000 -0.895602 0.262338 0.262338 0.262338
4564.984863 0.000000 1505.791748 0.000000 0.016057 0.000000 -0.999871 0.246803 0.246803 0.246803
4588.127930 0.000000 1496.035034 0.000000 0.051797 0.000000 -0.998658 0.235607 0.235607 0.235607
4560.716797 0.000000 1500.691528 0.000000 0.403683 0.000000 -0.914899 0.241049 0.241049 0.241049
4553.795410 0.000000 1468.618164 0.000000 0.568797 0.000000 -0.822478 0.237401 0.237401 0.237401
4588.051758 0.000000 1500.688110 0.000000 0.025657 0.000000 -0.999671 0.254421 0.254421 0.254421
4607.976562 0.000000 1519.209106 0.000000 0.346597 0.000000 -0.938014 0.241639 0.241639 0.241639
4593.394043 0.000000 1493.923462 0.000000 0.247574 0.000000 -0.968869 0.250827 0.250827 0.250827
4600.346680 0.000000 1490.794678 0.000000 0.478876 0.000000 -0.877882 0.234092 0.234092 0.234092
4548.384766 0.000000 1519.366455 0.000000 0.212212 0.000000 -0.977224 0.277968 0.277968 0.277968
4546.575684 0.000000 1509.720825 0.000000 0.266986 0.000000 -0.963700 0.243698 0.243698 0.243698
4558.389160 0.000000 1501.978516 0.000000 0.160731 0.000000 -0.986998 0.260025 0.260025 0.260025
4571.698730 0.000000 1515.093140 0.000000 0.613763 0.000000 -0.789490 0.248435 0.248435 0.248435
4571.678223 0.000000 1473.607910 0.000000 0.688902 0.000000 -0.724855 0.262542 0.262542 0.262542
4587.659668 0.000000 1504.773438 0.000000 0.261167 0.000000 -0.965294 0.245014 0.245014 0.245014
4558.401855 0.000000 1510.289551 0.000000 0.523143 0.000000 -0.852245 0.240981 0.240981 0.240981
4597.005371 0.000000 1520.788940 0.000000 0.253864 0.000000 -0.967240 0.243201 0.243201 0.243201
4563.253418 0.000000 1516.180420 0.000000 0.176391 0.000000 -0.984320 0.253482 0.253482 0.253482
4570.165527 0.000000 1476.851562 0.000000 0.296748 0.000000 -0.954956 0.255336 0.255336 0.255336
4590.880859 0.000000 1519.129395 0.000000 0.577253 0.000000 -0.816566 0.247074 0.247074 0.247074
4546.069824 0.000000 1493.415405 0.000000 0.426362 0.000000 -0.904553 0.314961 0.314961 0.314961
4607.374512 0.000000 1508.689209 0.000000 0.014028 0.000000 -0.999902 0.255187 0.255187 0.255187
4561.219727 0.000000 1480.052490 0.000000 0.363570 0.000000 -0.931567 0.286095 0.286095 0.286095
4586.638672 0.000000 1519.026367 0.000000 0.707551 0.000000 -0.706663 0.256183 0.256183 0.256183
4584.567383 0.000000 1503.277100 0.000000 0.513020 0.000000 -0.858377 0.269504 0.269504 0.269504
4574.725586 0.000000 1472.186279 0.000000 0.700476 0.000000 -0.713676 0.281805 0.281805 0.281805
4569.304688 0.000000 1469.587402 0.000000 0.666576 0.000000 -0.745437 0.272658 0.272658 0.272658
4600.654297 0.000000 1485.806641 0.000000 0.688962 0.000000 -0.724797 0.296715 0.296715 0.296715
4546.681152 0.000000 1490.812256 0.000000 0.541672 0.000000 -0.840590 0.310243 0.310243 0.310243
4593.237305 0.000000 1481.800415 0.000000 0.050703 0.000000 -0.998714 0.312852 0.312852 0.312852
4598.998047 0.000000 1485.895996 0.000000 0.583626 0.000000 -0.812022 0.308160 0.308160 0.308160
4600.379395 0.000000 1482.974487 0.000000 0.531392 0.000000 -0.847126 0.312960 0.312960 0.312960
4599.353516 0.000000 1475.737549 0.000000 0.543862 0.000000 -0.839175 0.318496 0.318496 0.318496
4595.663574 0.000000 1469.762207 0.000000 0.083902 0.000000 -0.996474 0.328396 0.328396 0.328396
4591.286621 0.000000 1470.367188 0.000000 0.399243 0.000000 -0.916845 0.322113 0.322113 0.322113
4545.993652 0.000000 1492.043823 0.000000 0.239134 0.000000 -0.970986 0.325040 0.325040 0.325040
4541.512207 0.000000 1525.104248 0.000000 0.519680 0.000000 -0.854361 0.214758 0.214758 0.214758
4582.230957 0.000000 1563.607178 0.000000 0.499347 0.000000 -0.866402 0.232040 0.232040 0.232040
4585.385742 0.000000 1557.996216 0.000000 0.625528 0.000000 -0.780202 0.253763 0.253763 0.253763
4569.237793 0.000000 1531.237061 0.000000 0.733494 0.000000 -0.679696 0.231750 0.231750 0.231750
4576.426758 0.000000 1537.515991 0.000000 0.189961 0.000000 -0.981792 0.211217 0.211217 0.211217
4598.381836 0.000000 1554.405762 0.000000 0.752045 0.000000 -0.659111 0.212451 0.212451 0.212451
4585.204590 0.000000 1561.639526 0.000000 0.015559 0.000000 -0.999879 0.240401 0.240401 0.240401
4591.917480 0.000000 1561.860107 0.000000 0.554154 0.000000 -0.832414 0.268908 0.268908 0.268908
4570.987305 0.000000 1525.166870 0.000000 0.139455 0.000000 -0.990228 0.264746 0.264746 0.264746
4586.835938 0.000000 1531.084351 0.000000 0.257635 0.000000 -0.966242 0.228753 0.228753 0.228753
4546.356934 0.000000 1529.976318 0.000000 0.808815 0.000000 -0.588063 0.228891 0.228891 0.228891
4597.519043 0.000000 1551.703491 0.000000 0.345907 0.000000 -0.938269 0.236041 0.236041 0.236041
4600.639160 0.000000 1530.050415 0.000000 0.183556 0.000000 -0.983009 0.235688 0.235688 0.235688
4566.782715 0.000000 1532.381470 0.000000 0.589239 0.000000 -0.807959 0.261622 0.261622 0.261622
4589.942871 0.000000 1547.019043 0.000000 0.366234 0.000000 -0.930523 0.242060 0.242060 0.242060
4582.385742 0.000000 1541.923096 0.000000 0.166215 0.000000 -0.986090 0.249140 0.249140 0.249140
4607.814453 0.000000 1543.522827 0.000000 0.647268 0.000000 -0.762262 0.274822 0.274822 0.274822
4580.550293 0.000000 1555.872192 0.000000 0.534224 0.000000 -0.845343 0.251911 0.251911 0.251911
4598.255859 0.000000 1533.838135 0.000000 0.672177 0.000000 -0.740390 0.254306 0.254306 0.254306
4571.966309 0.000000 1534.691284 0.000000 0.466115 0.000000 -0.884724 0.258955 0.258955 0.258955
4603.529785 0.000000 1525.725098 0.000000 0.379888 0.000000 -0.925032 0.256265 0.256265 0.256265
4587.960938 0.000000 1547.180420 0.000000 0.411577 0.000000 -0.911375 0.267144 0.267144 0.267144
4550.936035 0.000000 1528.653931 0.000000 0.482949 0.000000 -0.875648 0.276166 0.276166 0.276166
4574.725586 0.000000 1528.670654 0.000000 0.486430 0.000000 -0.873720 0.264282 0.264282 0.264282
4583.104492 0.000000 1536.971680 0.000000 0.606784 0.000000 -0.794867 0.284130 0.284130 0.284130
4585.262207 0.000000 1538.415771 0.000000 0.038925 0.000000 -0.999242 0.298516 0.298516 0.298516
4604.473145 0.000000 1552.062134 0.000000 0.710789 0.000000 -0.703405 0.277954 0.277954 0.277954
4616.908691 0.000000 1458.009399 0.000000 0.298829 0.000000 -0.954307 0.228390 0.228390 0.228390
4617.278320 0.000000 1462.192993 0.000000 0.577672 0.000000 -0.816269 0.236080 0.236080 0.236080
4614.057129 0.000000 1457.047119 0.000000 0.606928 0.000000 -0.794757 0.237564 0.237564 0.237564
4610.575684 0.000000 1453.236450 0.000000 0.361409 0.000000 -0.932407 0.249597 0.249597 0.249597
4610.026855 0.000000 1460.735596 0.000000 0.126146 0.000000 -0.992012 0.305097 0.305097 0.305097
4613.572266 0.000000 1459.040161 0.000000 0.226728 0.000000 -0.973958 0.276499 0.276499 0.276499
4612.679688 0.000000 1464.724365 0.000000 0.713327 0.000000 -0.700831 0.270011 0.270011 0.270011
4609.726074 0.000000 1455.013794 0.000000 0.807069 0.000000 -0.590458 0.290968 0.290968 0.290968
4608.588379 0.000000 1464.411865 0.000000 0.143199 0.000000 -0.989694 0.292455 0.292455 0.292455
4609.843750 0.000000 1458.489014 0.000000 0.451528 0.000000 -0.892257 0.318947 0.318947 0.318947
4608.850586 0.000000 1452.674072 0.000000 0.739246 0.000000 -0.673436 0.274979 0.274979 0.274979
4618.351562 0.000000 1489.472656 0.000000 0.177473 0.000000 -0.984126 0.216920 0.216920 0.216920
4617.084961 0.000000 1479.411621 0.000000 0.600259 0.000000 -0.799806 0.256560 0.256560 0.256560
4620.112305 0.000000 1483.500488 0.000000 0.312176 0.000000 -0.950024 0.235743 0.235743 0.235743
4618.564941 0.000000 1471.142700 0.000000 0.730454 0.000000 -0.682962 0.232987 0.232987 0.232987
4615.408691 0.000000 1486.431274 0.000000 0.785814 0.000000 -0.618463 0.247089 0.247089 0.247089
4610.822754 0.000000 1502.561890 0.000000 0.800499 0.000000 -0.599334 0.253985 0.253985 0.253985
4612.166992 0.000000 1517.358276 0.000000 0.721007 0.000000 -0.692927 0.294803 0.294803 0.294803
4609.318848 0.000000 1563.966553 0.000000 0.353768 0.000000 -0.935333 0.207849 0.207849 0.207849
4615.671387 0.000000 1549.934692 0.000000 0.796907 0.000000 -0.604101 0.233816 0.233816 0.233816
4623.130859 0.000000 1564.449951 0.000000 0.111158 0.000000 -0.993803 0.209509 0.209509 0.209509
4622.875488 0.000000 1569.840210 0.000000 0.662636 0.000000 -0.748942 0.251411 0.251411 0.251411
4612.755371 0.000000 1552.950806 0.000000 0.571181 0.000000 -0.820824 0.243480 0.243480 0.243480
4610.356934 0.000000 1529.976318 0.000000 0.804461 0.000000 -0.594005 0.267642 0.267642 0.267642
4611.820801 0.000000 1538.883545 0.000000 0.366823 0.000000 -0.930291 0.320857 0.320857 0.320857
4622.604980 0.000000 1572.655151 0.000000 0.613695 0.000000 -0.789543 0.258818 0.258818 0.258818
4618.564941 0.000000 1527.627075 0.000000 0.776095 0.000000 -0.630616 0.241283 0.241283 0.241283
4608.090332 0.000000 1528.373779 0.000000 0.629328 0.000000 -0.777140 0.265928 0.265928 0.265928
4610.822754 0.000000 1559.046265 0.000000 0.144467 0.000000 -0.989510 0.285304 0.285304 0.285304
4612.248535 0.000000 1546.378052 0.000000 0.565953 0.000000 -0.824438 0.278626 0.278626 0.278626
4621.642090 0.000000 1546.729736 0.000000 0.284239 0.000000 -0.958754 0.303932 0.303932 0.303932
4608.369629 0.000000 1535.979980 0.000000 0.800100 0.000000 -0.599867 0.297771 0.297771 0.297771
4613.597656 0.000000 1538.545776 0.000000 0.636502 0.000000 -0.771275 0.316559 0.316559 0.316559
5652.968750 0.000000 1181.812622 0.000000 0.431899 0.000000 -0.901922 0.207269 0.207269 0.207269
5652.805176 0.000000 1186.239380 0.000000 0.098276 0.000000 -0.995159 0.248552 0.248552 0.248552
"}
