object={
	name="cypress_mediterranean_sparse_generator_2_0"
	clamp_to_water_level=no
	render_under_water=no
	generated_content=yes
	layer="semidynamic_medium"
	pdxmesh="tree_cypress_mediterranean_02_mesh"
	count=68
	transform="5626.807129 0.000000 1192.826416 0.000000 0.999533 0.000000 -0.030541 0.200196 0.200196 0.200196
5623.638184 0.000000 1201.915283 0.000000 0.911886 0.000000 0.410444 0.197265 0.197265 0.197265
5624.550781 0.000000 1219.031006 0.000000 0.935765 0.000000 0.352625 0.197661 0.197661 0.197661
5629.212891 0.000000 1211.563599 0.000000 0.503363 0.000000 0.864075 0.193124 0.193124 0.193124
5673.563477 0.000000 1212.662842 0.000000 0.984673 0.000000 0.174413 0.198871 0.198871 0.198871
5658.979980 0.000000 1228.004639 0.000000 0.985894 0.000000 -0.167370 0.201083 0.201083 0.201083
5652.569336 0.000000 1191.558350 0.000000 0.333986 0.000000 0.942578 0.192014 0.192014 0.192014
5639.979980 0.000000 1228.307129 0.000000 0.894866 0.000000 0.446335 0.196997 0.196997 0.196997
5662.530273 0.000000 1209.631958 0.000000 0.983871 0.000000 0.178881 0.198819 0.198819 0.198819
5646.873047 0.000000 1194.218994 0.000000 0.858110 0.000000 -0.513465 0.203527 0.203527 0.203527
5663.826172 0.000000 1194.294312 0.000000 0.300173 0.000000 0.953885 0.191720 0.191720 0.191720
5667.765137 0.000000 1212.019165 0.000000 0.083266 0.000000 0.996527 0.190271 0.190271 0.190271
5633.017578 0.000000 1212.864990 0.000000 0.980947 0.000000 0.194273 0.198697 0.198697 0.198697
5658.074219 0.000000 1216.688354 0.000000 0.299417 0.000000 0.954122 0.191620 0.191620 0.191620
5655.491699 0.000000 1186.803345 0.000000 0.829822 0.000000 -0.558029 0.203931 0.203931 0.203931
5649.256836 0.000000 1220.886719 0.000000 0.914449 0.000000 -0.404701 0.202777 0.202777 0.202777
5644.552734 0.000000 1212.365967 0.000000 0.044286 0.000000 0.999019 0.189634 0.189634 0.189634
5641.063965 0.000000 1216.633911 0.000000 0.810732 0.000000 0.585417 0.195800 0.195800 0.195800
5643.929688 0.000000 1198.177734 0.000000 0.822580 0.000000 -0.568650 0.204002 0.204002 0.204002
5638.330566 0.000000 1198.268677 0.000000 0.971039 0.000000 -0.238921 0.201596 0.201596 0.201596
5642.351562 0.000000 1207.050781 0.000000 0.774458 0.000000 0.632626 0.195383 0.195383 0.195383
5658.364746 0.000000 1211.733154 0.000000 0.841323 0.000000 -0.540533 0.203807 0.203807 0.203807
5650.817383 0.000000 1216.615723 0.000000 0.800821 0.000000 0.598904 0.195672 0.195672 0.195672
5649.260254 0.000000 1212.629028 0.000000 0.921462 0.000000 -0.388468 0.202709 0.202709 0.202709
5635.837402 0.000000 1209.734009 0.000000 0.877228 0.000000 0.480073 0.196637 0.196637 0.196637
7442.498535 0.000000 907.567993 0.000000 0.997807 0.000000 0.066191 0.217643 0.217643 0.217643
7451.678223 0.000000 908.764160 0.000000 0.714458 0.000000 0.699678 0.216295 0.216295 0.216295
7452.944336 0.000000 939.617371 0.000000 0.828743 0.000000 -0.559629 0.217381 0.217381 0.217381
7451.443848 0.000000 936.014954 0.000000 0.714245 0.000000 0.699896 0.211598 0.211598 0.211598
7460.742188 0.000000 956.955200 0.000000 0.532845 0.000000 0.846213 0.225875 0.225875 0.225875
7443.524902 0.000000 940.683838 0.000000 0.992577 0.000000 -0.121618 0.288452 0.288452 0.288452
7446.733398 0.000000 912.521118 0.000000 0.709752 0.000000 0.704452 0.273375 0.273375 0.273375
7461.805176 0.000000 959.276733 0.000000 0.306800 0.000000 0.951774 0.271250 0.271250 0.271250
7446.619629 0.000000 937.271118 0.000000 0.986785 0.000000 -0.162037 0.302968 0.302968 0.302968
7445.353516 0.000000 939.639771 0.000000 0.976612 0.000000 0.215010 0.296113 0.296113 0.296113
7460.170898 0.000000 958.146606 0.000000 0.876647 0.000000 0.481134 0.283485 0.283485 0.283485
7463.513672 0.000000 958.392090 0.000000 0.974366 0.000000 -0.224970 0.304334 0.304334 0.304334
7463.150391 0.000000 957.129089 0.000000 0.995189 0.000000 0.097973 0.290011 0.290011 0.290011
7444.371094 0.000000 939.990479 0.000000 0.998217 0.000000 -0.059685 0.301071 0.301071 0.301071
7449.272461 0.000000 938.503174 0.000000 0.995177 0.000000 -0.098092 0.301876 0.301876 0.301876
7462.826172 0.000000 959.206421 0.000000 0.951296 0.000000 0.308279 0.294015 0.294015 0.294015
7447.335449 0.000000 939.244446 0.000000 0.983573 0.000000 -0.180512 0.303467 0.303467 0.303467
7453.189453 0.000000 940.669617 0.000000 0.952716 0.000000 0.303861 0.294103 0.294103 0.294103
7448.250000 0.000000 939.916138 0.000000 0.906470 0.000000 0.422271 0.291674 0.291674 0.291674
7447.377441 0.000000 938.255737 0.000000 0.771523 0.000000 0.636201 0.286830 0.286830 0.286830
7478.385254 0.000000 964.143433 0.000000 0.999990 0.000000 0.004425 0.226010 0.226010 0.226010
7477.929688 0.000000 976.305115 0.000000 0.055262 0.000000 0.998472 0.232631 0.232631 0.232631
7477.071289 0.000000 964.975647 0.000000 0.070045 0.000000 0.997544 0.224705 0.224705 0.224705
7456.131348 0.000000 965.353760 0.000000 0.974815 0.000000 -0.223016 0.252165 0.252165 0.252165
7454.191406 0.000000 962.448364 0.000000 0.308664 0.000000 0.951171 0.269379 0.269379 0.269379
7455.834473 0.000000 962.387878 0.000000 0.976923 0.000000 0.213593 0.285935 0.285935 0.285935
7462.002930 0.000000 961.895935 0.000000 0.012774 0.000000 0.999918 0.260024 0.260024 0.260024
7463.339844 0.000000 961.816895 0.000000 0.463994 0.000000 0.885838 0.267178 0.267178 0.267178
7463.881348 0.000000 960.297607 0.000000 0.680631 0.000000 0.732627 0.271231 0.271231 0.271231
7472.334961 0.000000 976.337708 0.000000 0.777068 0.000000 0.629417 0.286998 0.286998 0.286998
7478.206543 0.000000 967.650085 0.000000 0.777199 0.000000 0.629255 0.287002 0.287002 0.287002
7456.901855 0.000000 967.118103 0.000000 0.813573 0.000000 -0.581463 0.310736 0.310736 0.310736
7473.734375 0.000000 978.343506 0.000000 0.063040 0.000000 0.998011 0.271205 0.271205 0.271205
7466.742676 0.000000 984.424011 0.000000 0.922680 0.000000 0.385565 0.292440 0.292440 0.292440
7458.086426 0.000000 967.132385 0.000000 0.817378 0.000000 0.576102 0.275962 0.275962 0.275962
7455.684570 0.000000 964.369629 0.000000 0.615848 0.000000 0.787865 0.282671 0.282671 0.282671
7468.319336 0.000000 985.034729 0.000000 0.898294 0.000000 0.439395 0.291312 0.291312 0.291312
7465.171875 0.000000 983.710938 0.000000 0.999987 0.000000 -0.005130 0.300098 0.300098 0.300098
7469.173340 0.000000 984.128662 0.000000 0.003340 0.000000 0.999994 0.270064 0.270064 0.270064
7468.935547 0.000000 982.086914 0.000000 0.821162 0.000000 0.570696 0.288400 0.288400 0.288400
7475.106445 0.000000 977.102661 0.000000 0.274571 0.000000 0.961567 0.276522 0.276522 0.276522
7454.329102 0.000000 964.739685 0.000000 0.886012 0.000000 0.463663 0.290792 0.290792 0.290792
7473.165527 0.000000 979.682068 0.000000 0.865295 0.000000 -0.501263 0.310028 0.310028 0.310028
"}
object={
	name="cypress_mediterranean_sparse_generator_2_1"
	clamp_to_water_level=no
	render_under_water=no
	generated_content=yes
	layer="semidynamic_medium"
	pdxmesh="tree_cypress_mediterranean_01_mesh"
	count=14
	transform="5640.407715 0.000000 1193.984253 0.000000 0.794871 0.000000 -0.606779 0.204216 0.204216 0.204216
5646.220703 0.000000 1203.252808 0.000000 0.642263 0.000000 -0.766484 0.205843 0.205843 0.205843
5651.007324 0.000000 1204.250244 0.000000 0.319592 0.000000 -0.947555 0.208364 0.208364 0.208364
7450.429199 0.000000 938.237793 0.000000 0.200727 0.000000 -0.979647 0.326140 0.326140 0.326140
7472.587891 0.000000 980.487610 0.000000 0.209374 0.000000 -0.977836 0.232938 0.232938 0.232938
7478.255859 0.000000 968.994446 0.000000 0.649892 0.000000 -0.760027 0.234017 0.234017 0.234017
7476.078125 0.000000 976.905090 0.000000 0.141618 0.000000 -0.989921 0.266646 0.266646 0.266646
7455.750977 0.000000 966.817322 0.000000 0.730053 0.000000 -0.683391 0.259436 0.259436 0.259436
7457.760254 0.000000 964.642517 0.000000 0.707637 0.000000 -0.706576 0.258600 0.258600 0.258600
7465.763184 0.000000 982.254883 0.000000 0.188727 0.000000 -0.982030 0.326374 0.326374 0.326374
7473.437988 0.000000 976.409302 0.000000 0.726211 0.000000 -0.687472 0.314477 0.314477 0.314477
7474.122070 0.000000 977.287292 0.000000 0.708783 0.000000 -0.705427 0.314222 0.314222 0.314222
7467.257324 0.000000 983.047180 0.000000 0.686272 0.000000 -0.727345 0.315555 0.315555 0.315555
7472.073730 0.000000 978.174377 0.000000 0.452453 0.000000 -0.891788 0.321033 0.321033 0.321033
"}
