object={
	name="cypress_mediterranean_dense_generator_2_0"
	clamp_to_water_level=no
	render_under_water=no
	generated_content=yes
	layer="semidynamic_medium"
	pdxmesh="tree_cypress_mediterranean_02_mesh"
	count=6
	transform="5660.793945 0.000000 1189.013672 0.000000 0.702517 0.000000 0.711667 0.194939 0.194939 0.194939
5657.661133 0.000000 1189.238037 0.000000 0.850391 0.000000 0.526151 0.196155 0.196155 0.196155
5653.235840 0.000000 1206.032959 0.000000 0.985414 0.000000 0.170173 0.203499 0.203499 0.203499
5651.835449 0.000000 1207.058960 0.000000 0.826215 0.000000 -0.563355 0.258243 0.258243 0.258243
5648.004883 0.000000 1203.639648 0.000000 0.199621 0.000000 0.979873 0.245350 0.245350 0.245350
5649.469238 0.000000 1203.910278 0.000000 0.903628 0.000000 0.428319 0.257314 0.257314 0.257314
"}
object={
	name="cypress_mediterranean_dense_generator_2_1"
	clamp_to_water_level=no
	render_under_water=no
	generated_content=yes
	layer="semidynamic_medium"
	pdxmesh="tree_cypress_mediterranean_01_mesh"
	count=2
	transform="5655.366211 0.000000 1188.824585 0.000000 0.429662 0.000000 -0.902990 0.243871 0.243871 0.243871
5649.817871 0.000000 1205.333008 0.000000 0.508745 0.000000 -0.860918 0.292022 0.292022 0.292022
"}
