object={
	name="cypress_mediterranean_dense_generator_3_0"
	clamp_to_water_level=no
	render_under_water=no
	generated_content=yes
	layer="semidynamic_high"
	pdxmesh="tree_cypress_mediterranean_02_mesh"
	count=5
	transform="5655.068359 0.000000 1190.682983 0.000000 0.915407 0.000000 0.402529 0.197125 0.197125 0.197125
5654.020996 0.000000 1187.491943 0.000000 0.376604 0.000000 0.926374 0.217117 0.217117 0.217117
5648.278320 0.000000 1206.891113 0.000000 0.085900 0.000000 0.996304 0.209926 0.209926 0.209926
5652.179199 0.000000 1187.448975 0.000000 0.905025 0.000000 0.425358 0.229519 0.229519 0.229519
5648.583008 0.000000 1204.428467 0.000000 0.862097 0.000000 -0.506743 0.284712 0.284712 0.284712
"}
object={
	name="cypress_mediterranean_dense_generator_3_1"
	clamp_to_water_level=no
	render_under_water=no
	generated_content=yes
	layer="semidynamic_high"
	pdxmesh="tree_cypress_mediterranean_01_mesh"
	count=3
	transform="5653.934570 0.000000 1184.499512 0.000000 0.098953 0.000000 -0.995092 0.210214 0.210214 0.210214
5654.249023 0.000000 1186.054688 0.000000 0.657467 0.000000 -0.753483 0.236340 0.236340 0.236340
5651.301758 0.000000 1205.740723 0.000000 0.649072 0.000000 -0.760727 0.252821 0.252821 0.252821
"}
