object={
	name="european_dynamic_forestry_objects_generator_2_0"
	clamp_to_water_level=no
	render_under_water=no
	generated_content=yes
	layer="forestry_dynamic"
	pdxmesh="generic_forestry_lumberpile_02_mesh"
	count=37
	transform="5205.705078 0.000000 704.680176 0.000000 0.601270 0.000000 -0.799046 0.500000 0.500000 0.500000
5198.007324 0.000000 708.702698 0.000000 0.875975 0.000000 0.482356 0.500000 0.500000 0.500000
5214.236816 0.000000 730.342407 0.000000 0.804673 0.000000 0.593719 0.500000 0.500000 0.500000
5235.456055 0.000000 728.100769 0.000000 0.840163 0.000000 0.542334 0.500000 0.500000 0.500000
5225.260742 0.000000 722.034668 0.000000 0.372171 0.000000 -0.928164 0.500000 0.500000 0.500000
5209.621582 0.000000 725.687378 0.000000 0.866557 0.000000 -0.499078 0.500000 0.500000 0.500000
5209.505859 0.000000 731.584229 0.000000 0.343201 0.000000 -0.939262 0.500000 0.500000 0.500000
5218.932617 0.000000 731.889404 0.000000 0.913270 0.000000 -0.407356 0.500000 0.500000 0.500000
5202.817383 0.000000 708.256409 0.000000 0.768041 0.000000 -0.640400 0.500000 0.500000 0.500000
5217.947754 0.000000 727.286011 0.000000 0.111454 0.000000 -0.993770 0.500000 0.500000 0.500000
5232.023926 0.000000 730.347534 0.000000 0.910560 0.000000 0.413378 0.500000 0.500000 0.500000
5225.322754 0.000000 726.088135 0.000000 0.793182 0.000000 0.608985 0.500000 0.500000 0.500000
5207.491699 0.000000 734.928406 0.000000 0.788707 0.000000 -0.614770 0.500000 0.500000 0.500000
5234.318359 0.000000 734.502747 0.000000 0.794652 0.000000 0.607065 0.500000 0.500000 0.500000
4593.272949 0.000000 1445.734253 0.000000 0.787752 0.000000 -0.615992 0.500000 0.500000 0.500000
4588.760254 0.000000 1450.614502 0.000000 0.909801 0.000000 0.415045 0.500000 0.500000 0.500000
4576.032227 0.000000 1449.047241 0.000000 0.520291 0.000000 0.853989 0.500000 0.500000 0.500000
4585.385742 0.000000 1445.027466 0.000000 0.970600 0.000000 0.240699 0.500000 0.500000 0.500000
4605.248047 0.000000 1458.111450 0.000000 0.291384 0.000000 -0.956606 0.500000 0.500000 0.500000
4575.334473 0.000000 1453.094849 0.000000 0.998138 0.000000 0.061003 0.500000 0.500000 0.500000
4592.647949 0.000000 1452.585083 0.000000 0.549596 0.000000 -0.835430 0.500000 0.500000 0.500000
4601.910645 0.000000 1460.060425 0.000000 0.266397 0.000000 0.963863 0.500000 0.500000 0.500000
4599.060547 0.000000 1453.709106 0.000000 0.045721 0.000000 -0.998954 0.500000 0.500000 0.500000
4585.064941 0.000000 1463.814941 0.000000 0.668772 0.000000 -0.743467 0.500000 0.500000 0.500000
4601.129395 0.000000 1450.927979 0.000000 0.999755 0.000000 -0.022124 0.640523 0.640523 0.640523
4600.471680 0.000000 1452.565430 0.000000 0.535677 0.000000 0.844423 0.908497 0.908497 0.908497
4581.982422 0.000000 1518.855591 0.000000 0.684034 0.000000 0.729450 0.500000 0.500000 0.500000
4551.979980 0.000000 1510.729004 0.000000 0.984811 0.000000 0.173629 0.500000 0.500000 0.500000
4586.009766 0.000000 1523.530396 0.000000 0.956381 0.000000 -0.292121 0.500000 0.500000 0.500000
4557.506836 0.000000 1504.408203 0.000000 0.815136 0.000000 0.579269 0.500000 0.500000 0.500000
4582.346680 0.000000 1522.851440 0.000000 0.730642 0.000000 -0.682761 0.500000 0.500000 0.500000
4600.473633 0.000000 1476.724487 0.000000 0.801321 0.000000 0.598235 0.500000 0.500000 0.500000
4601.360352 0.000000 1479.850464 0.000000 0.492732 0.000000 0.870181 1.000000 1.000000 1.000000
4598.302246 0.000000 1482.881226 0.000000 0.823866 0.000000 0.566784 1.000000 1.000000 1.000000
4584.388184 0.000000 1518.595337 0.000000 0.992664 0.000000 -0.120908 0.751634 0.751634 0.751634
4608.254883 0.000000 1459.250244 0.000000 0.610058 0.000000 0.792357 0.500000 0.500000 0.500000
4609.451172 0.000000 1480.769409 0.000000 0.651729 0.000000 -0.758452 0.500000 0.500000 0.500000
"}
