object={
	name="iceberg_generator_1_0"
	clamp_to_water_level=yes
	render_under_water=yes
	generated_content=yes
	layer="semidynamic"
	pdxmesh="iceberg_01_mesh"
	count=47
	transform="3273.400879 0.000000 129.087875 0.000000 0.942796 0.000000 0.333371 1.000000 1.000000 1.000000
3268.048096 0.000000 121.318817 0.000000 0.434600 0.000000 0.900623 1.000000 1.000000 1.000000
3267.837158 0.000000 136.530838 0.000000 0.692164 0.000000 0.721740 1.000000 1.000000 1.000000
798.953552 0.000000 3445.314941 0.000000 0.313392 0.000000 0.949624 1.000000 1.000000 1.000000
791.491882 0.000000 3446.178467 0.000000 0.699074 0.000000 0.715050 1.000000 1.000000 1.000000
3574.173828 0.000000 3451.731201 0.000000 0.196266 0.000000 0.980551 1.000000 1.000000 1.000000
3474.127686 0.000000 3515.307373 0.000000 0.217011 0.000000 0.976169 1.000000 1.000000 1.000000
3464.407471 0.000000 3509.843506 0.000000 0.312243 0.000000 0.950002 1.000000 1.000000 1.000000
3510.816650 0.000000 3503.281982 0.000000 0.791784 0.000000 0.610801 1.000000 1.000000 1.000000
3470.873047 0.000000 3510.078369 0.000000 0.068668 0.000000 0.997640 1.000000 1.000000 1.000000
3477.668701 0.000000 3511.820068 0.000000 0.057787 0.000000 0.998329 1.000000 1.000000 1.000000
3522.396484 0.000000 3560.377686 0.000000 0.769955 0.000000 0.638098 1.000000 1.000000 1.000000
3527.914795 0.000000 3560.352539 0.000000 0.921612 0.000000 0.388112 1.000000 1.000000 1.000000
3586.396484 0.000000 3503.893311 0.000000 0.936566 0.000000 0.350492 1.000000 1.000000 1.000000
3592.407471 0.000000 3509.843506 0.000000 0.636993 0.000000 0.770870 1.000000 1.000000 1.000000
5286.230957 0.000000 433.919678 0.000000 0.946178 0.000000 0.323647 1.000000 1.000000 1.000000
5296.205566 0.000000 451.849365 0.000000 0.662431 0.000000 0.749123 1.000000 1.000000 1.000000
5279.758301 0.000000 425.550262 0.000000 0.889216 0.000000 0.457487 1.000000 1.000000 1.000000
5263.272949 0.000000 417.309174 0.000000 0.337754 0.000000 0.941235 1.000000 1.000000 1.000000
5278.530273 0.000000 418.850677 0.000000 0.326158 0.000000 0.945315 1.000000 1.000000 1.000000
5292.760254 0.000000 433.895752 0.000000 0.912571 0.000000 0.408917 1.000000 1.000000 1.000000
5303.107910 0.000000 440.591919 0.000000 0.633966 0.000000 0.773361 1.000000 1.000000 1.000000
5274.074219 0.000000 425.907043 0.000000 0.780340 0.000000 0.625355 1.000000 1.000000 1.000000
5260.552734 0.000000 421.584686 0.000000 0.879826 0.000000 0.475296 1.000000 1.000000 1.000000
5266.817383 0.000000 425.834534 0.000000 0.348151 0.000000 0.937439 1.000000 1.000000 1.000000
5267.771973 0.000000 418.016083 0.000000 0.938526 0.000000 0.345207 1.000000 1.000000 1.000000
5302.864258 0.000000 450.389252 0.000000 0.850992 0.000000 0.525179 1.000000 1.000000 1.000000
5277.237305 0.000000 428.912842 0.000000 0.410291 0.000000 0.911955 1.000000 1.000000 1.000000
5299.213867 0.000000 441.647827 0.000000 0.162736 0.000000 0.986670 1.000000 1.000000 1.000000
5296.023926 0.000000 447.925659 0.000000 0.620369 0.000000 0.784310 1.000000 1.000000 1.000000
5293.516602 0.000000 466.608307 0.000000 0.193901 0.000000 0.981021 1.000000 1.000000 1.000000
5306.807129 0.000000 458.529541 0.000000 0.635439 0.000000 0.772151 1.000000 1.000000 1.000000
5292.062988 0.000000 460.864136 0.000000 0.454394 0.000000 0.890801 1.000000 1.000000 1.000000
5306.511719 0.000000 472.384979 0.000000 0.429255 0.000000 0.903183 1.000000 1.000000 1.000000
5309.212891 0.000000 477.266785 0.000000 0.586312 0.000000 0.810085 1.000000 1.000000 1.000000
5298.318359 0.000000 452.080902 0.000000 0.397162 0.000000 0.917749 1.000000 1.000000 1.000000
5294.042969 0.000000 457.729675 0.000000 0.316077 0.000000 0.948734 1.000000 1.000000 1.000000
5313.451172 0.000000 464.050629 0.000000 0.927426 0.000000 0.374006 1.000000 1.000000 1.000000
5333.705078 0.000000 478.742706 0.000000 0.494858 0.000000 0.868974 1.000000 1.000000 1.000000
5327.272949 0.000000 473.793549 0.000000 0.924370 0.000000 0.381497 1.000000 1.000000 1.000000
5331.771973 0.000000 474.500458 0.000000 0.084004 0.000000 0.996465 1.000000 1.000000 1.000000
5329.260254 0.000000 478.332153 0.000000 0.291703 0.000000 0.956509 1.000000 1.000000 1.000000
5318.424805 0.000000 472.235168 0.000000 0.632678 0.000000 0.774415 1.000000 1.000000 1.000000
4713.563477 0.000000 3472.037842 0.000000 0.433471 0.000000 0.901168 1.000000 1.000000 1.000000
4743.671387 0.000000 3470.403320 0.000000 0.834838 0.000000 0.550495 1.000000 1.000000 1.000000
4740.032715 0.000000 3477.158447 0.000000 0.643010 0.000000 0.765858 1.000000 1.000000 1.000000
4745.203613 0.000000 3481.247559 0.000000 0.801639 0.000000 0.597809 1.000000 1.000000 1.000000
"}
object={
	name="iceberg_generator_1_1"
	clamp_to_water_level=yes
	render_under_water=yes
	generated_content=yes
	layer="semidynamic"
	pdxmesh="iceberg_02_mesh"
	count=21
	transform="3275.786377 0.000000 118.021675 0.000000 0.990721 0.000000 0.135911 1.000000 1.000000 1.000000
3583.487305 0.000000 3475.774658 0.000000 0.855963 0.000000 -0.517038 1.000000 1.000000 1.000000
3556.045898 0.000000 3450.821777 0.000000 0.907162 0.000000 -0.420781 1.000000 1.000000 1.000000
3526.424561 0.000000 3465.906982 0.000000 0.980594 0.000000 -0.196047 1.000000 1.000000 1.000000
3481.237549 0.000000 3508.190186 0.000000 0.990293 0.000000 0.138995 1.000000 1.000000 1.000000
3476.569336 0.000000 3563.902100 0.000000 0.859760 0.000000 -0.510699 1.000000 1.000000 1.000000
3479.491943 0.000000 3559.147217 0.000000 0.862549 0.000000 -0.505973 1.000000 1.000000 1.000000
3602.283447 0.000000 3503.164062 0.000000 0.974828 0.000000 0.222960 1.000000 1.000000 1.000000
5269.705078 0.000000 422.258331 0.000000 0.954172 0.000000 -0.299260 1.000000 1.000000 1.000000
5295.722656 0.000000 439.710297 0.000000 0.970801 0.000000 0.239885 1.000000 1.000000 1.000000
5271.890625 0.000000 414.448334 0.000000 0.977830 0.000000 -0.209398 1.000000 1.000000 1.000000
5299.456055 0.000000 445.678894 0.000000 0.909987 0.000000 -0.414636 1.000000 1.000000 1.000000
5290.009766 0.000000 450.327271 0.000000 0.988982 0.000000 0.148033 1.000000 1.000000 1.000000
5274.364746 0.000000 420.951935 0.000000 0.968608 0.000000 0.248592 1.000000 1.000000 1.000000
5265.260254 0.000000 421.847778 0.000000 0.996939 0.000000 -0.078189 1.000000 1.000000 1.000000
5304.065918 0.000000 477.237579 0.000000 0.919178 0.000000 -0.393841 1.000000 1.000000 1.000000
5297.519043 0.000000 458.204620 0.000000 0.958603 0.000000 -0.284747 1.000000 1.000000 1.000000
5311.958008 0.000000 472.773987 0.000000 0.997067 0.000000 0.076537 1.000000 1.000000 1.000000
5309.512207 0.000000 451.901184 0.000000 0.995906 0.000000 -0.090400 1.000000 1.000000 1.000000
5302.816895 0.000000 453.125793 0.000000 0.972410 0.000000 -0.233278 1.000000 1.000000 1.000000
5322.351562 0.000000 472.753967 0.000000 0.981307 0.000000 0.192451 1.000000 1.000000 1.000000
"}
object={
	name="iceberg_generator_1_2"
	clamp_to_water_level=yes
	render_under_water=yes
	generated_content=yes
	layer="semidynamic"
	pdxmesh="iceberg_03_mesh"
	count=27
	transform="3265.451416 0.000000 125.144379 0.000000 0.362971 0.000000 -0.931800 1.000000 1.000000 1.000000
3560.015625 0.000000 3453.175537 0.000000 0.801184 0.000000 -0.598418 1.000000 1.000000 1.000000
3520.513916 0.000000 3461.627686 0.000000 0.097253 0.000000 -0.995260 1.000000 1.000000 1.000000
3567.663086 0.000000 3455.558838 0.000000 0.362817 0.000000 -0.931861 1.000000 1.000000 1.000000
3566.042969 0.000000 3451.401611 0.000000 0.191833 0.000000 -0.981428 1.000000 1.000000 1.000000
3465.400879 0.000000 3518.150391 0.000000 0.548922 0.000000 -0.835874 1.000000 1.000000 1.000000
3460.048096 0.000000 3510.381348 0.000000 0.738197 0.000000 -0.674586 1.000000 1.000000 1.000000
3461.119141 0.000000 3518.465576 0.000000 0.731986 0.000000 -0.681320 1.000000 1.000000 1.000000
3585.884521 0.000000 3496.599365 0.000000 0.076074 0.000000 -0.997102 1.000000 1.000000 1.000000
5292.662598 0.000000 445.970825 0.000000 0.519086 0.000000 -0.854722 1.000000 1.000000 1.000000
5289.260742 0.000000 439.612823 0.000000 0.120112 0.000000 -0.992760 1.000000 1.000000 1.000000
5284.276367 0.000000 428.637390 0.000000 0.656109 0.000000 -0.754666 1.000000 1.000000 1.000000
5293.943359 0.000000 454.229919 0.000000 0.284955 0.000000 -0.958541 1.000000 1.000000 1.000000
5301.994141 0.000000 473.161163 0.000000 0.406334 0.000000 -0.913725 1.000000 1.000000 1.000000
5309.524414 0.000000 468.944702 0.000000 0.483308 0.000000 -0.875450 1.000000 1.000000 1.000000
5310.270020 0.000000 456.306396 0.000000 0.226954 0.000000 -0.973905 1.000000 1.000000 1.000000
5310.624512 0.000000 460.695129 0.000000 0.042271 0.000000 -0.999106 1.000000 1.000000 1.000000
5319.671387 0.000000 476.731567 0.000000 0.103182 0.000000 -0.994663 1.000000 1.000000 1.000000
5314.500488 0.000000 471.619080 0.000000 0.249494 0.000000 -0.968376 1.000000 1.000000 1.000000
5313.017578 0.000000 478.568054 0.000000 0.789562 0.000000 -0.613671 1.000000 1.000000 1.000000
5312.098633 0.000000 458.823975 0.000000 0.275919 0.000000 -0.961181 1.000000 1.000000 1.000000
5317.119141 0.000000 468.309204 0.000000 0.362563 0.000000 -0.931959 1.000000 1.000000 1.000000
5315.837402 0.000000 475.437073 0.000000 0.490071 0.000000 -0.871682 1.000000 1.000000 1.000000
4703.453613 0.000000 3462.277100 0.000000 0.785693 0.000000 -0.618617 1.000000 1.000000 1.000000
4703.758301 0.000000 3475.706543 0.000000 0.597652 0.000000 -0.801755 1.000000 1.000000 1.000000
4706.015137 0.000000 3466.042480 0.000000 0.055154 0.000000 -0.998478 1.000000 1.000000 1.000000
4738.500488 0.000000 3465.291016 0.000000 0.107488 0.000000 -0.994206 1.000000 1.000000 1.000000
"}
