object={
	name="oak_dense_generator_1_0"
	clamp_to_water_level=no
	render_under_water=no
	generated_content=yes
	layer="semidynamic"
	pdxmesh="oak_tree_01_mesh"
	count=37
	transform="5670.230957 0.000000 1055.247803 0.000000 0.315299 0.000000 0.948992 0.377156 0.377156 0.377156
5663.758301 0.000000 1046.878418 0.000000 0.141570 0.000000 0.989928 0.376672 0.376672 0.376672
5673.385742 0.000000 1049.636841 0.000000 0.092715 0.000000 0.995693 0.378673 0.378673 0.378673
5695.586426 0.000000 1070.153320 0.000000 0.441710 0.000000 0.897158 0.371650 0.371650 0.371650
5689.910645 0.000000 1064.669800 0.000000 0.496206 0.000000 0.868205 0.380573 0.380573 0.380573
5676.376953 0.000000 1062.986450 0.000000 0.164529 0.000000 0.986372 0.375297 0.375297 0.375297
5690.462402 0.000000 1033.788818 0.000000 0.366605 0.000000 0.930377 0.372364 0.372364 0.372364
5660.947754 0.000000 1046.790527 0.000000 0.197316 0.000000 0.980340 0.378075 0.378075 0.378075
5670.646484 0.000000 1048.875977 0.000000 0.412136 0.000000 0.911122 0.375681 0.375681 0.375681
5662.816895 0.000000 1031.156494 0.000000 0.395179 0.000000 0.918604 0.374474 0.374474 0.374474
5688.630371 0.000000 1070.173706 0.000000 0.251916 0.000000 0.967749 0.370296 0.370296 0.370296
5695.273438 0.000000 1028.109863 0.000000 0.209952 0.000000 0.977712 0.373056 0.373056 0.373056
5674.281250 0.000000 1058.930542 0.000000 0.387259 0.000000 0.921971 0.372294 0.372294 0.372294
5675.407227 0.000000 1060.946777 0.000000 0.309612 0.000000 0.950863 0.375981 0.375981 0.375981
5689.129395 0.000000 1055.537354 0.000000 0.183107 0.000000 0.983093 0.374313 0.374313 0.374313
5671.147461 0.000000 1053.622070 0.000000 0.080558 0.000000 0.996750 0.362054 0.362054 0.362054
5661.614258 0.000000 1048.446655 0.000000 0.144016 0.000000 0.989575 0.367953 0.367953 0.367953
5726.236816 0.000000 1069.248657 0.000000 0.546175 0.000000 0.837671 0.384630 0.384630 0.384630
5733.098633 0.000000 1059.589722 0.000000 0.499036 0.000000 0.866581 0.379534 0.379534 0.379534
5703.213379 0.000000 1054.918823 0.000000 0.419002 0.000000 0.907985 0.380389 0.380389 0.380389
5708.375000 0.000000 1071.386597 0.000000 0.278837 0.000000 0.960339 0.371763 0.371763 0.371763
5710.650879 0.000000 1067.059570 0.000000 0.000310 0.000000 1.000000 0.360008 0.360008 0.360008
5723.673340 0.000000 1069.492065 0.000000 0.348541 0.000000 0.937294 0.376223 0.376223 0.376223
5723.739258 0.000000 1060.342163 0.000000 0.400192 0.000000 0.916431 0.376677 0.376677 0.376677
5704.076660 0.000000 1060.772095 0.000000 0.367539 0.000000 0.930008 0.369584 0.369584 0.369584
5703.440918 0.000000 1067.125854 0.000000 0.542493 0.000000 0.840061 0.374602 0.374602 0.374602
5725.418457 0.000000 1066.716309 0.000000 0.482974 0.000000 0.875635 0.372835 0.372835 0.372835
5700.189941 0.000000 1061.882080 0.000000 0.297446 0.000000 0.954738 0.367691 0.367691 0.367691
5687.638184 0.000000 1088.946533 0.000000 0.011925 0.000000 0.999929 0.376805 0.376805 0.376805
5664.426758 0.000000 1085.640991 0.000000 0.561405 0.000000 0.827541 0.386081 0.386081 0.386081
5685.566895 0.000000 1085.665405 0.000000 0.223749 0.000000 0.974647 0.378776 0.378776 0.378776
5666.967773 0.000000 1107.945801 0.000000 0.221219 0.000000 0.975224 0.369314 0.369314 0.369314
5690.270996 0.000000 1081.536865 0.000000 0.491230 0.000000 0.871030 0.373076 0.373076 0.373076
5667.182129 0.000000 1079.969482 0.000000 0.511697 0.000000 0.859166 0.376775 0.376775 0.376775
5700.047852 0.000000 1081.553223 0.000000 0.556680 0.000000 0.830727 0.376698 0.376698 0.376698
5705.795410 0.000000 1073.227539 0.000000 0.090197 0.000000 0.995924 0.362743 0.362743 0.362743
5719.366211 0.000000 1075.855835 0.000000 0.097522 0.000000 0.995233 0.371461 0.371461 0.371461
"}
object={
	name="oak_dense_generator_1_1"
	clamp_to_water_level=no
	render_under_water=no
	generated_content=yes
	layer="semidynamic"
	pdxmesh="oak_tree_02_mesh"
	count=46
	transform="5658.122559 0.000000 1027.527100 0.000000 0.859065 0.000000 0.511867 0.392917 0.392917 0.392917
5676.760254 0.000000 1055.223877 0.000000 0.728976 0.000000 0.684539 0.389986 0.389986 0.389986
5693.248047 0.000000 1062.720825 0.000000 0.734400 0.000000 0.678717 0.381152 0.381152 0.381152
5666.015137 0.000000 1037.214233 0.000000 0.847441 0.000000 0.530890 0.392204 0.392204 0.392204
5673.656250 0.000000 1056.828491 0.000000 0.880842 0.000000 0.473410 0.389707 0.389707 0.389707
5693.611816 0.000000 1055.478394 0.000000 0.718827 0.000000 0.695189 0.387257 0.387257 0.387257
5693.638184 0.000000 1036.442017 0.000000 0.821387 0.000000 0.570371 0.388150 0.388150 0.388150
5694.390625 0.000000 1072.479248 0.000000 0.804425 0.000000 0.594054 0.383802 0.383802 0.383802
5694.582031 0.000000 1031.585815 0.000000 0.848729 0.000000 0.528828 0.388148 0.388148 0.388148
5694.994629 0.000000 1064.342529 0.000000 0.928647 0.000000 0.370964 0.390322 0.390322 0.390322
5687.867676 0.000000 1063.950439 0.000000 0.681583 0.000000 0.731741 0.381597 0.381597 0.381597
5691.003418 0.000000 1062.728394 0.000000 0.946924 0.000000 0.321458 0.393251 0.393251 0.393251
5693.382324 0.000000 1047.021118 0.000000 0.765527 0.000000 0.643404 0.383074 0.383074 0.383074
5660.979980 0.000000 1031.997925 0.000000 0.735975 0.000000 0.677009 0.382622 0.382622 0.382622
5672.284180 0.000000 1055.185303 0.000000 0.912762 0.000000 0.408492 0.389600 0.389600 0.389600
5694.854492 0.000000 1043.302124 0.000000 0.634105 0.000000 0.773247 0.377491 0.377491 0.377491
5662.945801 0.000000 1045.182617 0.000000 0.813004 0.000000 0.582258 0.387680 0.387680 0.387680
5734.230957 0.000000 1055.247803 0.000000 0.837920 0.000000 0.545793 0.391928 0.391928 0.391928
5702.215332 0.000000 1065.656372 0.000000 0.793633 0.000000 0.608396 0.383345 0.383345 0.383345
5704.908691 0.000000 1062.618774 0.000000 0.788629 0.000000 0.614869 0.383137 0.383137 0.383137
5705.866211 0.000000 1055.791138 0.000000 0.705154 0.000000 0.709054 0.386935 0.386935 0.386935
5713.360840 0.000000 1062.879150 0.000000 0.896247 0.000000 0.443556 0.392542 0.392542 0.392542
5704.237305 0.000000 1064.745361 0.000000 0.711404 0.000000 0.702783 0.380155 0.380155 0.380155
5709.139648 0.000000 1060.263428 0.000000 0.696350 0.000000 0.717702 0.382533 0.382533 0.382533
5700.166992 0.000000 1065.483276 0.000000 0.612209 0.000000 0.790696 0.376777 0.376777 0.376777
5706.618164 0.000000 1030.263184 0.000000 0.629762 0.000000 0.776788 0.379080 0.379080 0.379080
5724.161133 0.000000 1065.330811 0.000000 0.672599 0.000000 0.740007 0.378786 0.378786 0.378786
5732.099609 0.000000 1055.036499 0.000000 0.720873 0.000000 0.693067 0.384668 0.384668 0.384668
5700.679688 0.000000 1069.333740 0.000000 0.721510 0.000000 0.692404 0.380524 0.380524 0.380524
5696.517090 0.000000 1066.495728 0.000000 0.816397 0.000000 0.577492 0.384323 0.384323 0.384323
5703.784180 0.000000 1070.035156 0.000000 0.810186 0.000000 0.586172 0.384051 0.384051 0.384051
5731.619629 0.000000 1058.625610 0.000000 0.788604 0.000000 0.614901 0.383136 0.383136 0.383136
5708.919922 0.000000 1066.754517 0.000000 0.732877 0.000000 0.680361 0.380946 0.380946 0.380946
5706.663574 0.000000 1071.303711 0.000000 0.667521 0.000000 0.744591 0.378612 0.378612 0.378612
5686.816895 0.000000 1074.453857 0.000000 0.663167 0.000000 0.748472 0.382644 0.382644 0.382644
5693.524414 0.000000 1090.272827 0.000000 0.620748 0.000000 0.784010 0.385692 0.385692 0.385692
5659.131348 0.000000 1089.324341 0.000000 0.785740 0.000000 0.618557 0.389045 0.389045 0.389045
5664.618164 0.000000 1076.568726 0.000000 0.808386 0.000000 0.588653 0.390226 0.390226 0.390226
5665.987305 0.000000 1110.816772 0.000000 0.914162 0.000000 0.405349 0.390560 0.390560 0.390560
5698.396484 0.000000 1075.065308 0.000000 0.742859 0.000000 0.669448 0.381322 0.381322 0.381322
5722.987305 0.000000 1073.291870 0.000000 0.688065 0.000000 0.725649 0.387634 0.387634 0.387634
5698.356934 0.000000 1078.101318 0.000000 0.635741 0.000000 0.771902 0.377544 0.377544 0.377544
5711.671387 0.000000 1074.732178 0.000000 0.589799 0.000000 0.807550 0.385122 0.385122 0.385122
5708.251465 0.000000 1080.039185 0.000000 0.805843 0.000000 0.592129 0.387344 0.387344 0.387344
5711.854980 0.000000 1079.732788 0.000000 0.812448 0.000000 0.583034 0.387817 0.387817 0.387817
5696.371582 0.000000 1078.287964 0.000000 0.769596 0.000000 0.638532 0.382363 0.382363 0.382363
"}
object={
	name="oak_dense_generator_1_2"
	clamp_to_water_level=no
	render_under_water=no
	generated_content=yes
	layer="semidynamic"
	pdxmesh="oak_tree_03_mesh"
	count=54
	transform="5693.658691 0.000000 1052.034546 0.000000 0.959176 0.000000 0.282808 0.394259 0.394259 0.394259
5690.511719 0.000000 1037.228760 0.000000 0.967381 0.000000 0.253327 0.396215 0.396215 0.396215
5667.991211 0.000000 1032.445190 0.000000 0.985800 0.000000 -0.167923 0.402443 0.402443 0.402443
5691.211426 0.000000 1046.336914 0.000000 0.970484 0.000000 0.241166 0.396279 0.396279 0.396279
5663.334473 0.000000 1057.704224 0.000000 0.958057 0.000000 0.286576 0.394224 0.394224 0.394224
5679.868652 0.000000 1065.129761 0.000000 0.966475 0.000000 0.256759 0.396201 0.396201 0.396201
5666.735840 0.000000 1056.371826 0.000000 0.974876 0.000000 0.222748 0.396276 0.396276 0.396276
5687.060547 0.000000 1058.318481 0.000000 0.957379 0.000000 -0.288833 0.404594 0.404594 0.404594
5687.062500 0.000000 1067.736206 0.000000 0.985541 0.000000 -0.169439 0.402686 0.402686 0.402686
5666.857422 0.000000 1045.847656 0.000000 0.959019 0.000000 0.283343 0.392685 0.392685 0.392685
5664.449219 0.000000 1042.714111 0.000000 0.990269 0.000000 0.139168 0.396445 0.396445 0.396445
5693.032715 0.000000 1038.906860 0.000000 0.999975 0.000000 -0.007069 0.400109 0.400109 0.400109
5693.738281 0.000000 1044.967896 0.000000 0.999233 0.000000 0.039158 0.399155 0.399155 0.399155
5666.111328 0.000000 1048.333984 0.000000 0.995471 0.000000 -0.095069 0.402187 0.402187 0.402187
5678.782227 0.000000 1058.782837 0.000000 0.997420 0.000000 -0.071793 0.401550 0.401550 0.401550
5664.607910 0.000000 1055.809448 0.000000 0.994122 0.000000 -0.108262 0.402464 0.402464 0.402464
5664.801270 0.000000 1045.033936 0.000000 0.982574 0.000000 -0.185870 0.404761 0.404761 0.404761
5694.970703 0.000000 1039.374756 0.000000 0.989567 0.000000 -0.144075 0.403046 0.403046 0.403046
5672.567383 0.000000 1051.402100 0.000000 0.995495 0.000000 -0.094816 0.402015 0.402015 0.402015
5700.458496 0.000000 1071.184692 0.000000 0.999641 0.000000 0.026779 0.399318 0.399318 0.399318
5707.959473 0.000000 1065.209595 0.000000 0.975823 0.000000 0.218563 0.394389 0.394389 0.394389
5726.060547 0.000000 1064.873657 0.000000 0.995206 0.000000 0.097800 0.397506 0.397506 0.397506
5700.763672 0.000000 1052.911011 0.000000 0.956911 0.000000 0.290382 0.395896 0.395896 0.395896
5707.941895 0.000000 1058.522827 0.000000 0.974870 0.000000 -0.222774 0.405070 0.405070 0.405070
5700.957520 0.000000 1056.565796 0.000000 0.998194 0.000000 0.060081 0.398646 0.398646 0.398646
5731.666992 0.000000 1053.204956 0.000000 0.954364 0.000000 0.298646 0.394882 0.394882 0.394882
5702.507812 0.000000 1068.809937 0.000000 0.998805 0.000000 -0.048877 0.401245 0.401245 0.401245
5728.544434 0.000000 1064.050293 0.000000 0.981444 0.000000 -0.191747 0.403882 0.403882 0.403882
5698.575684 0.000000 1057.845825 0.000000 0.999526 0.000000 0.030799 0.399334 0.399334 0.399334
5727.328613 0.000000 1067.040649 0.000000 0.951891 0.000000 0.306438 0.392831 0.392831 0.392831
5697.118652 0.000000 1061.448853 0.000000 0.991248 0.000000 -0.132014 0.403372 0.403372 0.403372
5723.203125 0.000000 1056.036499 0.000000 0.980319 0.000000 0.197421 0.394939 0.394939 0.394939
5698.026855 0.000000 1065.344971 0.000000 0.994057 0.000000 -0.108864 0.402778 0.402778 0.402778
5702.997070 0.000000 1056.975708 0.000000 0.991560 0.000000 0.129650 0.397131 0.397131 0.397131
5726.716309 0.000000 1062.956787 0.000000 0.987805 0.000000 -0.155697 0.403981 0.403981 0.403981
5706.234863 0.000000 1064.164673 0.000000 0.992969 0.000000 0.118371 0.396979 0.396979 0.396979
5706.618164 0.000000 1068.161987 0.000000 0.996329 0.000000 0.085601 0.397818 0.397818 0.397818
5696.588379 0.000000 1069.021240 0.000000 0.999914 0.000000 -0.013088 0.400333 0.400333 0.400333
5702.073242 0.000000 1070.506226 0.000000 0.964618 0.000000 -0.263653 0.406794 0.406794 0.406794
5690.807129 0.000000 1079.857666 0.000000 0.982369 0.000000 -0.186953 0.404789 0.404789 0.404789
5659.932617 0.000000 1093.472778 0.000000 0.987155 0.000000 -0.159764 0.402259 0.402259 0.402259
5690.462402 0.000000 1090.273193 0.000000 0.974227 0.000000 -0.225572 0.403488 0.403488 0.403488
5694.582031 0.000000 1088.070190 0.000000 0.984313 0.000000 -0.176433 0.403471 0.403471 0.403471
5660.979980 0.000000 1088.482300 0.000000 0.999937 0.000000 0.011262 0.399727 0.399727 0.399727
5695.825195 0.000000 1086.455811 0.000000 0.979519 0.000000 0.201352 0.395171 0.395171 0.395171
5691.502441 0.000000 1085.200439 0.000000 0.999935 0.000000 -0.011425 0.400291 0.400291 0.400291
5662.021484 0.000000 1081.470093 0.000000 0.996387 0.000000 -0.084927 0.401686 0.401686 0.401686
5661.614258 0.000000 1104.931030 0.000000 0.998392 0.000000 0.056686 0.398658 0.398658 0.398658
5696.042480 0.000000 1073.210449 0.000000 0.951350 0.000000 0.308113 0.392024 0.392024 0.392024
5716.994629 0.000000 1075.755859 0.000000 0.972396 0.000000 -0.233338 0.404269 0.404269 0.404269
5698.199219 0.000000 1080.315430 0.000000 0.995042 0.000000 -0.099453 0.402537 0.402537 0.402537
5700.035156 0.000000 1079.422852 0.000000 0.981587 0.000000 0.191016 0.395240 0.395240 0.395240
5702.054199 0.000000 1074.801758 0.000000 0.966751 0.000000 -0.255721 0.406585 0.406585 0.406585
5712.728516 0.000000 1073.209717 0.000000 0.982391 0.000000 -0.186837 0.404129 0.404129 0.404129
"}
object={
	name="oak_dense_generator_1_3"
	clamp_to_water_level=no
	render_under_water=no
	generated_content=yes
	layer="semidynamic"
	pdxmesh="oak_tree_04_mesh"
	count=42
	transform="5695.958008 0.000000 1037.617798 0.000000 0.923552 0.000000 -0.383473 0.407644 0.407644 0.407644
5658.709961 0.000000 1053.758667 0.000000 0.798231 0.000000 -0.602351 0.412459 0.412459 0.412459
5693.524414 0.000000 1033.788452 0.000000 0.898181 0.000000 -0.439627 0.408682 0.408682 0.408682
5686.864258 0.000000 1071.717407 0.000000 0.854306 0.000000 -0.519771 0.410125 0.410125 0.410125
5661.422852 0.000000 1055.270630 0.000000 0.649917 0.000000 -0.760005 0.416467 0.416467 0.416467
5681.031738 0.000000 1063.057251 0.000000 0.818538 0.000000 -0.574453 0.415583 0.415583 0.415583
5668.916016 0.000000 1044.781128 0.000000 0.859802 0.000000 -0.510628 0.409419 0.409419 0.409419
5692.034180 0.000000 1064.541992 0.000000 0.737119 0.000000 -0.675763 0.418895 0.418895 0.418895
5682.216309 0.000000 1061.263550 0.000000 0.862521 0.000000 -0.506020 0.409987 0.409987 0.409987
5665.987305 0.000000 1054.332397 0.000000 0.654348 0.000000 -0.756194 0.419481 0.419481 0.419481
5690.520996 0.000000 1070.631348 0.000000 0.727733 0.000000 -0.685861 0.419246 0.419246 0.419246
5695.825195 0.000000 1029.971436 0.000000 0.911781 0.000000 -0.410676 0.408389 0.408389 0.408389
5687.893555 0.000000 1060.223511 0.000000 0.927820 0.000000 -0.373029 0.408246 0.408246 0.408246
5662.652344 0.000000 1028.804077 0.000000 0.749751 0.000000 -0.661720 0.415489 0.415489 0.415489
5692.473145 0.000000 1043.702759 0.000000 0.600841 0.000000 -0.799369 0.418684 0.418684 0.418684
5697.451172 0.000000 1028.894409 0.000000 0.659424 0.000000 -0.751771 0.412616 0.412616 0.412616
5710.220703 0.000000 1033.799683 0.000000 0.784392 0.000000 -0.620265 0.409488 0.409488 0.409488
5729.947754 0.000000 1066.192261 0.000000 0.920252 0.000000 -0.391325 0.406023 0.406023 0.406023
5699.837402 0.000000 1040.280884 0.000000 0.886423 0.000000 -0.462875 0.407281 0.407281 0.407281
5696.156738 0.000000 1071.618896 0.000000 0.731720 0.000000 -0.681606 0.419097 0.419097 0.419097
5704.614258 0.000000 1030.247559 0.000000 0.902177 0.000000 -0.431367 0.408797 0.408797 0.408797
5700.384766 0.000000 1067.491455 0.000000 0.714063 0.000000 -0.700082 0.419748 0.419748 0.419748
5732.952637 0.000000 1057.195679 0.000000 0.742186 0.000000 -0.670193 0.415109 0.415109 0.415109
5702.475098 0.000000 1031.309448 0.000000 0.717393 0.000000 -0.696668 0.418588 0.418588 0.418588
5698.269043 0.000000 1070.152588 0.000000 0.870506 0.000000 -0.492157 0.413103 0.413103 0.413103
5727.373535 0.000000 1060.151855 0.000000 0.857496 0.000000 -0.514491 0.413762 0.413762 0.413762
5705.808105 0.000000 1057.885864 0.000000 0.904012 0.000000 -0.427507 0.409175 0.409175 0.409175
5696.597656 0.000000 1037.186035 0.000000 0.950624 0.000000 -0.310346 0.406397 0.406397 0.406397
5697.726074 0.000000 1059.623169 0.000000 0.640789 0.000000 -0.767717 0.421895 0.421895 0.421895
5703.260254 0.000000 1063.323242 0.000000 0.684197 0.000000 -0.729297 0.420812 0.420812 0.420812
5708.970703 0.000000 1063.704590 0.000000 0.780411 0.000000 -0.625267 0.416155 0.416155 0.416155
5704.564453 0.000000 1068.449829 0.000000 0.859710 0.000000 -0.510783 0.413652 0.413652 0.413652
5658.122559 0.000000 1084.011475 0.000000 0.892267 0.000000 -0.451508 0.406690 0.406690 0.406690
5694.270020 0.000000 1077.634521 0.000000 0.889349 0.000000 -0.457228 0.412093 0.412093 0.412093
5684.014648 0.000000 1082.046387 0.000000 0.892520 0.000000 -0.451007 0.407990 0.407990 0.407990
5694.948242 0.000000 1075.357300 0.000000 0.769336 0.000000 -0.638844 0.417647 0.417647 0.417647
5662.816895 0.000000 1087.640869 0.000000 0.678464 0.000000 -0.734634 0.414173 0.414173 0.414173
5689.360352 0.000000 1084.459839 0.000000 0.766346 0.000000 -0.642428 0.415780 0.415780 0.415780
5706.564941 0.000000 1075.752075 0.000000 0.894449 0.000000 -0.447171 0.407893 0.407893 0.407893
5699.913086 0.000000 1084.139648 0.000000 0.944859 0.000000 -0.327478 0.407979 0.407979 0.407979
5697.654297 0.000000 1087.561279 0.000000 0.608604 0.000000 -0.793474 0.420867 0.420867 0.420867
5702.912598 0.000000 1073.204712 0.000000 0.857529 0.000000 -0.514436 0.413760 0.413760 0.413760
"}
object={
	name="oak_dense_generator_1_4"
	clamp_to_water_level=no
	render_under_water=no
	generated_content=yes
	layer="semidynamic"
	pdxmesh="oak_tree_dense_01_mesh"
	count=63
	transform="5664.032227 0.000000 1053.656616 0.000000 0.357428 0.000000 -0.933941 0.418114 0.418114 0.418114
5673.260742 0.000000 1060.940918 0.000000 0.522084 0.000000 -0.852894 0.414281 0.414281 0.414281
5693.292480 0.000000 1029.277710 0.000000 0.403689 0.000000 -0.914896 0.419554 0.419554 0.419554
5670.535645 0.000000 1046.226807 0.000000 0.168441 0.000000 -0.985712 0.422254 0.422254 0.422254
5688.315430 0.000000 1053.727783 0.000000 0.333488 0.000000 -0.942754 0.418068 0.418068 0.418068
5692.013184 0.000000 1031.583496 0.000000 0.359083 0.000000 -0.933306 0.429866 0.429866 0.429866
5695.697754 0.000000 1061.442871 0.000000 0.249476 0.000000 -0.968381 0.433579 0.433579 0.433579
5695.814453 0.000000 1035.163452 0.000000 0.335925 0.000000 -0.941889 0.421587 0.421587 0.421587
5695.510742 0.000000 1041.455444 0.000000 0.282452 0.000000 -0.959282 0.432708 0.432708 0.432708
5660.944336 0.000000 1052.586182 0.000000 0.502170 0.000000 -0.864769 0.424673 0.424673 0.424673
5678.671387 0.000000 1063.173218 0.000000 0.222217 0.000000 -0.974997 0.430057 0.430057 0.430057
5681.314941 0.000000 1059.416992 0.000000 0.417906 0.000000 -0.908490 0.419689 0.419689 0.419689
5691.815430 0.000000 1035.438599 0.000000 0.336435 0.000000 -0.941707 0.424703 0.424703 0.424703
5685.101074 0.000000 1062.044312 0.000000 0.300781 0.000000 -0.953693 0.423123 0.423123 0.423123
5693.282227 0.000000 1060.673950 0.000000 0.268893 0.000000 -0.963170 0.428723 0.428723 0.428723
5659.528320 0.000000 1051.257935 0.000000 0.173857 0.000000 -0.984771 0.426488 0.426488 0.426488
5689.007324 0.000000 1062.379272 0.000000 0.578191 0.000000 -0.815901 0.418297 0.418297 0.418297
5692.771484 0.000000 1053.802856 0.000000 0.407382 0.000000 -0.913258 0.423050 0.423050 0.423050
5669.379395 0.000000 1053.605347 0.000000 0.208476 0.000000 -0.978027 0.427586 0.427586 0.427586
5665.128418 0.000000 1057.481934 0.000000 0.344310 0.000000 -0.938856 0.429040 0.429040 0.429040
5694.675293 0.000000 1068.469849 0.000000 0.308391 0.000000 -0.951260 0.432017 0.432017 0.432017
5697.318848 0.000000 1055.607178 0.000000 0.354316 0.000000 -0.935126 0.417984 0.417984 0.417984
5698.500488 0.000000 1036.462769 0.000000 0.332894 0.000000 -0.942964 0.418015 0.418015 0.418015
5707.929688 0.000000 1028.724609 0.000000 0.281560 0.000000 -0.959544 0.423426 0.423426 0.423426
5702.330566 0.000000 1028.815552 0.000000 0.248097 0.000000 -0.968735 0.429134 0.429134 0.429134
5696.163086 0.000000 1051.465332 0.000000 0.489598 0.000000 -0.871948 0.415337 0.415337 0.415337
5701.119141 0.000000 1033.152954 0.000000 0.578068 0.000000 -0.815988 0.422827 0.422827 0.422827
5705.278320 0.000000 1066.802368 0.000000 0.242814 0.000000 -0.970073 0.433754 0.433754 0.433754
5705.084961 0.000000 1027.536621 0.000000 0.144327 0.000000 -0.989530 0.421858 0.421858 0.421858
5702.057129 0.000000 1061.656494 0.000000 0.395490 0.000000 -0.918470 0.429646 0.429646 0.429646
5706.235840 0.000000 1060.402954 0.000000 0.016761 0.000000 -0.999860 0.439573 0.439573 0.439573
5698.552734 0.000000 1072.794922 0.000000 0.012736 0.000000 -0.999919 0.439676 0.439676 0.439676
5731.522949 0.000000 1061.364624 0.000000 0.358289 0.000000 -0.933611 0.424355 0.424355 0.424355
5697.042969 0.000000 1049.219849 0.000000 0.544326 0.000000 -0.838873 0.419479 0.419479 0.419479
5701.572266 0.000000 1063.649536 0.000000 0.056002 0.000000 -0.998431 0.438573 0.438573 0.438573
5711.590332 0.000000 1068.815186 0.000000 0.001407 0.000000 -0.999999 0.439964 0.439964 0.439964
5724.720215 0.000000 1057.227905 0.000000 0.475250 0.000000 -0.879851 0.427389 0.427389 0.427389
5697.843750 0.000000 1063.098389 0.000000 0.515113 0.000000 -0.857122 0.426220 0.426220 0.426220
5729.128418 0.000000 1057.481934 0.000000 0.486889 0.000000 -0.873464 0.427051 0.427051 0.427051
5709.317383 0.000000 1069.946045 0.000000 0.243529 0.000000 -0.969894 0.433736 0.433736 0.433736
5668.045898 0.000000 1078.478027 0.000000 0.298390 0.000000 -0.954444 0.419814 0.419814 0.419814
5687.531250 0.000000 1083.806763 0.000000 0.031027 0.000000 -0.999519 0.432367 0.432367 0.432367
5667.104004 0.000000 1081.745239 0.000000 0.508220 0.000000 -0.861227 0.416269 0.416269 0.416269
5662.608887 0.000000 1078.742798 0.000000 0.565393 0.000000 -0.824822 0.415013 0.415013 0.415013
5689.460938 0.000000 1073.306396 0.000000 0.308894 0.000000 -0.951097 0.429493 0.429493 0.429493
5658.245605 0.000000 1091.714966 0.000000 0.580260 0.000000 -0.814431 0.416157 0.416157 0.416157
5665.365723 0.000000 1083.377930 0.000000 0.151752 0.000000 -0.988419 0.423868 0.423868 0.423868
5691.739258 0.000000 1077.709717 0.000000 0.082966 0.000000 -0.996552 0.437885 0.437885 0.437885
5693.252441 0.000000 1083.629517 0.000000 0.356157 0.000000 -0.934426 0.430727 0.430727 0.430727
5665.433594 0.000000 1109.006714 0.000000 0.388970 0.000000 -0.921250 0.426434 0.426434 0.426434
5665.519531 0.000000 1081.064087 0.000000 0.433304 0.000000 -0.901248 0.424272 0.424272 0.424272
5707.786133 0.000000 1078.256104 0.000000 0.559504 0.000000 -0.828827 0.416976 0.416976 0.416976
5701.119141 0.000000 1089.637329 0.000000 0.380405 0.000000 -0.924820 0.418332 0.418332 0.418332
5696.514160 0.000000 1089.283936 0.000000 0.275304 0.000000 -0.961357 0.424254 0.424254 0.424254
5700.948730 0.000000 1073.318237 0.000000 0.448289 0.000000 -0.893889 0.428163 0.428163 0.428163
5713.664551 0.000000 1079.859131 0.000000 0.219078 0.000000 -0.975707 0.421165 0.421165 0.421165
5696.090332 0.000000 1076.498779 0.000000 0.460334 0.000000 -0.887746 0.427818 0.427818 0.427818
5702.363770 0.000000 1082.715820 0.000000 0.372728 0.000000 -0.927941 0.422498 0.422498 0.422498
5700.602051 0.000000 1075.808960 0.000000 0.349431 0.000000 -0.936962 0.430910 0.430910 0.430910
5706.166504 0.000000 1079.716797 0.000000 0.125341 0.000000 -0.992114 0.425110 0.425110 0.425110
5702.936035 0.000000 1076.778931 0.000000 0.046746 0.000000 -0.998907 0.434548 0.434548 0.434548
5713.145996 0.000000 1075.757324 0.000000 0.441569 0.000000 -0.897228 0.425796 0.425796 0.425796
5703.620605 0.000000 1079.432373 0.000000 0.073235 0.000000 -0.997315 0.431030 0.431030 0.431030
"}
