object={
	name="oak_dense_generator_3_0"
	clamp_to_water_level=no
	render_under_water=no
	generated_content=yes
	layer="semidynamic_high"
	pdxmesh="oak_tree_01_mesh"
	count=207
	transform="5397.609863 0.000000 766.945862 0.000000 0.569829 0.000000 0.821764 0.385119 0.385119 0.385119
5398.696289 0.000000 770.611572 0.000000 0.177403 0.000000 0.984138 0.376431 0.376431 0.376431
5623.819336 0.000000 922.580933 0.000000 0.479522 0.000000 0.877530 0.385405 0.385405 0.385405
5578.235840 0.000000 947.434204 0.000000 0.548835 0.000000 0.835931 0.386013 0.386013 0.386013
5598.021484 0.000000 912.016907 0.000000 0.092923 0.000000 0.995673 0.376832 0.376832 0.376832
5592.512695 0.000000 911.482910 0.000000 0.045180 0.000000 0.998979 0.375015 0.375015 0.375015
5594.957520 0.000000 910.376831 0.000000 0.052858 0.000000 0.998602 0.375520 0.375520 0.375520
5614.203125 0.000000 927.271362 0.000000 0.279345 0.000000 0.960191 0.378718 0.378718 0.378718
5589.209473 0.000000 910.612244 0.000000 0.227423 0.000000 0.973796 0.378702 0.378702 0.378702
5589.272461 0.000000 912.119568 0.000000 0.189755 0.000000 0.981832 0.376712 0.376712 0.376712
5590.733398 0.000000 912.521118 0.000000 0.577218 0.000000 0.816590 0.383398 0.383398 0.383398
5591.838867 0.000000 934.773682 0.000000 0.244316 0.000000 0.969696 0.377986 0.377986 0.377986
5617.352051 0.000000 956.883667 0.000000 0.405409 0.000000 0.914136 0.380017 0.380017 0.380017
5621.096191 0.000000 928.818481 0.000000 0.571004 0.000000 0.820947 0.383410 0.383410 0.383410
5587.301758 0.000000 923.318848 0.000000 0.103622 0.000000 0.994617 0.375828 0.375828 0.375828
5619.649902 0.000000 956.371643 0.000000 0.547633 0.000000 0.836719 0.382825 0.382825 0.382825
5599.902832 0.000000 919.033691 0.000000 0.295517 0.000000 0.955337 0.378172 0.378172 0.378172
5629.367188 0.000000 954.885742 0.000000 0.016514 0.000000 0.999864 0.374002 0.374002 0.374002
5593.172852 0.000000 940.264771 0.000000 0.376878 0.000000 0.926263 0.379834 0.379834 0.379834
5623.129883 0.000000 930.343384 0.000000 0.407503 0.000000 0.913204 0.379194 0.379194 0.379194
5606.464355 0.000000 946.644043 0.000000 0.116101 0.000000 0.993237 0.373130 0.373130 0.373130
5607.319336 0.000000 928.462708 0.000000 0.163454 0.000000 0.986551 0.373803 0.373803 0.373803
5617.044434 0.000000 952.830322 0.000000 0.331053 0.000000 0.943612 0.378015 0.378015 0.378015
5616.177246 0.000000 941.791931 0.000000 0.230020 0.000000 0.973186 0.374867 0.374867 0.374867
5590.048340 0.000000 926.862915 0.000000 0.365456 0.000000 0.930829 0.378549 0.378549 0.378549
5598.985352 0.000000 952.793884 0.000000 0.113708 0.000000 0.993514 0.372285 0.372285 0.372285
5608.301758 0.000000 944.066833 0.000000 0.023395 0.000000 0.999726 0.371026 0.371026 0.371026
5614.722168 0.000000 951.561584 0.000000 0.187867 0.000000 0.982195 0.373437 0.373437 0.373437
5619.083008 0.000000 936.164185 0.000000 0.444647 0.000000 0.895706 0.378717 0.378717 0.378717
5609.405762 0.000000 941.602844 0.000000 0.502722 0.000000 0.864448 0.379773 0.379773 0.379773
5595.792969 0.000000 933.190735 0.000000 0.513026 0.000000 0.858373 0.380314 0.380314 0.380314
5591.398438 0.000000 959.550232 0.000000 0.255589 0.000000 0.966785 0.375755 0.375755 0.375755
5615.887207 0.000000 953.539673 0.000000 0.183346 0.000000 0.983049 0.373695 0.373695 0.373695
5611.276855 0.000000 949.236572 0.000000 0.473933 0.000000 0.880561 0.379188 0.379188 0.379188
5612.898438 0.000000 959.610840 0.000000 0.537953 0.000000 0.842975 0.381124 0.381124 0.381124
5603.658203 0.000000 944.305359 0.000000 0.077819 0.000000 0.996968 0.370556 0.370556 0.370556
5609.341797 0.000000 932.399963 0.000000 0.334625 0.000000 0.942352 0.375872 0.375872 0.375872
5624.311035 0.000000 948.402100 0.000000 0.474434 0.000000 0.880291 0.379683 0.379683 0.379683
5615.731934 0.000000 950.848755 0.000000 0.517798 0.000000 0.855503 0.380267 0.380267 0.380267
5627.484375 0.000000 944.946289 0.000000 0.117892 0.000000 0.993026 0.372003 0.372003 0.372003
5628.166992 0.000000 950.331177 0.000000 0.245772 0.000000 0.969328 0.375238 0.375238 0.375238
5604.268066 0.000000 926.376038 0.000000 0.314901 0.000000 0.949125 0.376649 0.376649 0.376649
5596.231934 0.000000 945.352783 0.000000 0.221401 0.000000 0.975183 0.373894 0.373894 0.373894
5611.627441 0.000000 954.933472 0.000000 0.123338 0.000000 0.992365 0.371820 0.371820 0.371820
5607.513672 0.000000 958.392090 0.000000 0.084077 0.000000 0.996459 0.372090 0.372090 0.372090
5601.799316 0.000000 942.635925 0.000000 0.454349 0.000000 0.890824 0.378157 0.378157 0.378157
5609.785156 0.000000 937.833313 0.000000 0.479985 0.000000 0.877277 0.379588 0.379588 0.379588
5602.136719 0.000000 931.873840 0.000000 0.033200 0.000000 0.999449 0.369214 0.369214 0.369214
5627.344238 0.000000 940.387085 0.000000 0.584823 0.000000 0.811161 0.382993 0.382993 0.382993
5612.346191 0.000000 951.389893 0.000000 0.295293 0.000000 0.955407 0.374678 0.374678 0.374678
5610.279785 0.000000 948.606750 0.000000 0.224821 0.000000 0.974400 0.374029 0.374029 0.374029
5603.546875 0.000000 956.710144 0.000000 0.447116 0.000000 0.894476 0.379323 0.379323 0.379323
5611.446289 0.000000 945.361572 0.000000 0.539543 0.000000 0.841958 0.381009 0.381009 0.381009
5615.705078 0.000000 935.033813 0.000000 0.033095 0.000000 0.999452 0.370287 0.370287 0.370287
5617.310547 0.000000 933.219849 0.000000 0.080381 0.000000 0.996764 0.370383 0.370383 0.370383
5616.827148 0.000000 947.587891 0.000000 0.083807 0.000000 0.996482 0.370897 0.370897 0.370897
5593.064941 0.000000 954.388672 0.000000 0.035217 0.000000 0.999380 0.369484 0.369484 0.369484
5609.492676 0.000000 954.233765 0.000000 0.061757 0.000000 0.998091 0.372047 0.372047 0.372047
5602.956543 0.000000 924.980164 0.000000 0.550705 0.000000 0.834700 0.381804 0.381804 0.381804
5608.275879 0.000000 952.522583 0.000000 0.540614 0.000000 0.841271 0.380834 0.380834 0.380834
5623.883789 0.000000 949.799072 0.000000 0.385506 0.000000 0.922705 0.376825 0.376825 0.376825
5617.638184 0.000000 944.838684 0.000000 0.416358 0.000000 0.909201 0.377888 0.377888 0.377888
5625.571289 0.000000 943.605835 0.000000 0.273142 0.000000 0.961974 0.375704 0.375704 0.375704
5613.231445 0.000000 957.332886 0.000000 0.404856 0.000000 0.914381 0.377644 0.377644 0.377644
5609.081055 0.000000 931.267334 0.000000 0.316144 0.000000 0.948711 0.376673 0.376673 0.376673
5607.180176 0.000000 934.174377 0.000000 0.219406 0.000000 0.975634 0.373585 0.373585 0.373585
5596.615723 0.000000 938.236694 0.000000 0.523920 0.000000 0.851768 0.380150 0.380150 0.380150
5605.876953 0.000000 927.567383 0.000000 0.572182 0.000000 0.820127 0.382042 0.382042 0.382042
5619.956055 0.000000 949.184937 0.000000 0.368638 0.000000 0.929573 0.376645 0.376645 0.376645
5596.225586 0.000000 931.379944 0.000000 0.202438 0.000000 0.979295 0.373177 0.373177 0.373177
5618.433594 0.000000 941.508484 0.000000 0.236321 0.000000 0.971675 0.374191 0.374191 0.374191
5601.533203 0.000000 929.809387 0.000000 0.384277 0.000000 0.923218 0.377092 0.377092 0.377092
5594.105957 0.000000 924.450928 0.000000 0.536668 0.000000 0.843794 0.379941 0.379941 0.379941
5593.314941 0.000000 956.479736 0.000000 0.207912 0.000000 0.978148 0.373422 0.373422 0.373422
5617.606934 0.000000 934.557312 0.000000 0.213209 0.000000 0.977007 0.373867 0.373867 0.373867
5621.139160 0.000000 943.744995 0.000000 0.403186 0.000000 0.915118 0.377089 0.377089 0.377089
5596.235840 0.000000 946.427063 0.000000 0.172438 0.000000 0.985020 0.372647 0.372647 0.372647
5621.292480 0.000000 933.316772 0.000000 0.551213 0.000000 0.834365 0.380879 0.380879 0.380879
5601.256836 0.000000 940.596802 0.000000 0.363871 0.000000 0.931449 0.376006 0.376006 0.376006
5627.046387 0.000000 937.933716 0.000000 0.516847 0.000000 0.856078 0.379630 0.379630 0.379630
5597.200684 0.000000 952.695740 0.000000 0.323991 0.000000 0.946060 0.375031 0.375031 0.375031
5596.338867 0.000000 948.251892 0.000000 0.030866 0.000000 0.999524 0.369782 0.369782 0.369782
5598.140625 0.000000 939.416382 0.000000 0.299725 0.000000 0.954026 0.374897 0.374897 0.374897
5614.206055 0.000000 932.697754 0.000000 0.263178 0.000000 0.964747 0.374142 0.374142 0.374142
5606.218750 0.000000 952.747437 0.000000 0.395146 0.000000 0.918618 0.376624 0.376624 0.376624
5604.659668 0.000000 939.847900 0.000000 0.521478 0.000000 0.853264 0.379584 0.379584 0.379584
5609.240234 0.000000 934.266541 0.000000 0.415152 0.000000 0.909752 0.377007 0.377007 0.377007
5604.296387 0.000000 930.735168 0.000000 0.546133 0.000000 0.837698 0.380117 0.380117 0.380117
5601.412109 0.000000 975.191467 0.000000 0.252193 0.000000 0.967677 0.381209 0.381209 0.381209
5578.166504 0.000000 966.747986 0.000000 0.166437 0.000000 0.986052 0.378905 0.378905 0.378905
5627.529785 0.000000 960.881348 0.000000 0.501199 0.000000 0.865332 0.384387 0.384387 0.384387
5586.338867 0.000000 968.267578 0.000000 0.578071 0.000000 0.815986 0.383797 0.383797 0.383797
5593.534668 0.000000 969.796387 0.000000 0.088885 0.000000 0.996042 0.373661 0.373661 0.373661
5622.252441 0.000000 962.789001 0.000000 0.155871 0.000000 0.987777 0.375708 0.375708 0.375708
5585.011230 0.000000 961.571533 0.000000 0.147006 0.000000 0.989136 0.373919 0.373919 0.373919
5604.202637 0.000000 963.882996 0.000000 0.326320 0.000000 0.945259 0.375637 0.375637 0.375637
5609.855957 0.000000 961.250000 0.000000 0.494524 0.000000 0.869164 0.379012 0.379012 0.379012
5592.312988 0.000000 963.663452 0.000000 0.473253 0.000000 0.880927 0.379335 0.379335 0.379335
5604.343262 0.000000 966.775757 0.000000 0.568515 0.000000 0.822673 0.382104 0.382104 0.382104
5596.237305 0.000000 964.209656 0.000000 0.139800 0.000000 0.990180 0.372286 0.372286 0.372286
5613.104004 0.000000 961.688843 0.000000 0.436524 0.000000 0.899693 0.378320 0.378320 0.378320
5593.950684 0.000000 962.214905 0.000000 0.259272 0.000000 0.965804 0.374911 0.374911 0.374911
5617.862305 0.000000 961.436218 0.000000 0.382234 0.000000 0.924065 0.376873 0.376873 0.376873
5611.303711 0.000000 962.794556 0.000000 0.314196 0.000000 0.949358 0.374823 0.374823 0.374823
5597.639160 0.000000 963.709534 0.000000 0.549633 0.000000 0.835407 0.380546 0.380546 0.380546
5603.494629 0.000000 962.932800 0.000000 0.009059 0.000000 0.999959 0.369198 0.369198 0.369198
5646.389160 0.000000 937.134705 0.000000 0.562640 0.000000 0.826702 0.385956 0.385956 0.385956
5635.099121 0.000000 930.451660 0.000000 0.119480 0.000000 0.992837 0.378120 0.378120 0.378120
5654.604004 0.000000 942.279663 0.000000 0.336517 0.000000 0.941677 0.381796 0.381796 0.381796
5633.280273 0.000000 937.599365 0.000000 0.483585 0.000000 0.875298 0.380359 0.380359 0.380359
5637.933594 0.000000 944.586609 0.000000 0.355743 0.000000 0.934584 0.376916 0.376916 0.376916
5633.519531 0.000000 951.293762 0.000000 0.076948 0.000000 0.997035 0.370464 0.370464 0.370464
5638.988770 0.000000 945.210205 0.000000 0.042692 0.000000 0.999088 0.370014 0.370014 0.370014
5633.670898 0.000000 953.670715 0.000000 0.523183 0.000000 0.852220 0.380999 0.380999 0.380999
5632.369141 0.000000 943.277161 0.000000 0.583815 0.000000 0.811887 0.382025 0.382025 0.382025
5636.485840 0.000000 951.100342 0.000000 0.478013 0.000000 0.878353 0.379385 0.379385 0.379385
5646.294922 0.000000 950.258301 0.000000 0.178502 0.000000 0.983940 0.372003 0.372003 0.372003
5637.164062 0.000000 949.177246 0.000000 0.334619 0.000000 0.942353 0.375381 0.375381 0.375381
5655.491699 0.000000 960.865906 0.000000 0.213048 0.000000 0.977042 0.382327 0.382327 0.382327
5688.654297 0.000000 1033.931641 0.000000 0.351347 0.000000 0.936245 0.380820 0.380820 0.380820
5661.380859 0.000000 1036.116455 0.000000 0.178596 0.000000 0.983923 0.378118 0.378118 0.378118
5664.608398 0.000000 1048.250000 0.000000 0.069764 0.000000 0.997563 0.376018 0.376018 0.376018
5663.082031 0.000000 1052.866455 0.000000 0.367345 0.000000 0.930085 0.377930 0.377930 0.377930
5689.484375 0.000000 1057.734619 0.000000 0.145715 0.000000 0.989327 0.373113 0.373113 0.373113
5662.069336 0.000000 1029.846924 0.000000 0.167000 0.000000 0.985957 0.369947 0.369947 0.369947
5688.073242 0.000000 1056.157471 0.000000 0.135774 0.000000 0.990740 0.372923 0.372923 0.372923
5672.466309 0.000000 1050.256226 0.000000 0.202017 0.000000 0.979382 0.370983 0.370983 0.370983
5664.682129 0.000000 1034.133057 0.000000 0.529675 0.000000 0.848201 0.380231 0.380231 0.380231
5694.353027 0.000000 1044.182983 0.000000 0.187152 0.000000 0.982331 0.364794 0.364794 0.364794
5661.834473 0.000000 1049.454590 0.000000 0.187032 0.000000 0.982354 0.368933 0.368933 0.368933
5694.219727 0.000000 1051.254028 0.000000 0.213223 0.000000 0.977003 0.372107 0.372107 0.372107
5695.314453 0.000000 1045.603271 0.000000 0.183706 0.000000 0.982981 0.364705 0.364705 0.364705
5688.525879 0.000000 1058.142212 0.000000 0.079691 0.000000 0.996820 0.367690 0.367690 0.367690
5670.622070 0.000000 1050.894409 0.000000 0.030539 0.000000 0.999534 0.360778 0.360778 0.360778
5691.962891 0.000000 1054.294189 0.000000 0.080684 0.000000 0.996740 0.362057 0.362057 0.362057
5668.909180 0.000000 1050.691895 0.000000 0.437108 0.000000 0.899409 0.371520 0.371520 0.371520
5691.009277 0.000000 1067.977295 0.000000 0.111815 0.000000 0.993729 0.364456 0.364456 0.364456
5664.570312 0.000000 1041.814331 0.000000 0.145522 0.000000 0.989355 0.365071 0.365071 0.365071
5687.162598 0.000000 1063.334351 0.000000 0.422427 0.000000 0.906397 0.374562 0.374562 0.374562
5691.424805 0.000000 1072.890259 0.000000 0.523832 0.000000 0.851821 0.374040 0.374040 0.374040
5681.754395 0.000000 1060.501099 0.000000 0.181548 0.000000 0.983382 0.364649 0.364649 0.364649
5660.538086 0.000000 1028.806152 0.000000 0.101153 0.000000 0.994871 0.367276 0.367276 0.367276
5669.131348 0.000000 1049.725708 0.000000 0.237704 0.000000 0.971338 0.366112 0.366112 0.366112
5660.115723 0.000000 1051.930664 0.000000 0.544186 0.000000 0.838964 0.376989 0.376989 0.376989
5666.308105 0.000000 1046.541870 0.000000 0.364658 0.000000 0.931142 0.369505 0.369505 0.369505
5692.863281 0.000000 1031.514160 0.000000 0.287622 0.000000 0.957744 0.368259 0.368259 0.368259
5694.699707 0.000000 1041.230591 0.000000 0.022711 0.000000 0.999742 0.360578 0.360578 0.360578
5692.342773 0.000000 1069.600342 0.000000 0.446324 0.000000 0.894871 0.371781 0.371781 0.371781
5666.152344 0.000000 1047.374756 0.000000 0.576882 0.000000 0.816828 0.375658 0.375658 0.375658
5679.481934 0.000000 1060.305420 0.000000 0.491218 0.000000 0.871037 0.373076 0.373076 0.373076
5680.058105 0.000000 1061.769043 0.000000 0.180688 0.000000 0.983540 0.364627 0.364627 0.364627
5732.620605 0.000000 1063.427246 0.000000 0.332311 0.000000 0.943170 0.383390 0.383390 0.383390
5735.591309 0.000000 1058.554810 0.000000 0.342242 0.000000 0.939612 0.382679 0.382679 0.382679
5698.944824 0.000000 1034.114746 0.000000 0.550871 0.000000 0.834590 0.386097 0.386097 0.386097
5722.529785 0.000000 1072.125610 0.000000 0.231826 0.000000 0.972757 0.379641 0.379641 0.379641
5721.549805 0.000000 1071.605713 0.000000 0.562182 0.000000 0.827013 0.379093 0.379093 0.379093
5732.699219 0.000000 1058.233643 0.000000 0.442199 0.000000 0.896917 0.378276 0.378276 0.378276
5733.165527 0.000000 1054.761597 0.000000 0.023443 0.000000 0.999725 0.369018 0.369018 0.369018
5729.586426 0.000000 1063.838867 0.000000 0.303111 0.000000 0.952955 0.371625 0.371625 0.371625
5716.864746 0.000000 1069.885376 0.000000 0.108049 0.000000 0.994146 0.367723 0.367723 0.367723
5707.444824 0.000000 1030.868042 0.000000 0.160216 0.000000 0.987082 0.366843 0.366843 0.366843
5726.393066 0.000000 1066.560181 0.000000 0.497434 0.000000 0.867502 0.375827 0.375827 0.375827
5720.628906 0.000000 1071.095215 0.000000 0.382862 0.000000 0.923806 0.374710 0.374710 0.374710
5723.129883 0.000000 1059.523071 0.000000 0.538634 0.000000 0.842540 0.377236 0.377236 0.377236
5697.727051 0.000000 1038.699951 0.000000 0.063172 0.000000 0.998003 0.364621 0.364621 0.364621
5703.262207 0.000000 1028.475708 0.000000 0.526267 0.000000 0.850319 0.377564 0.377564 0.377564
5699.472656 0.000000 1057.611938 0.000000 0.497467 0.000000 0.867483 0.377296 0.377296 0.377296
5726.850586 0.000000 1062.042114 0.000000 0.296715 0.000000 0.954966 0.367671 0.367671 0.367671
5710.078125 0.000000 1070.484863 0.000000 0.236440 0.000000 0.971646 0.369072 0.369072 0.369072
5698.389160 0.000000 1068.434570 0.000000 0.315060 0.000000 0.949072 0.368162 0.368162 0.368162
5699.833008 0.000000 1069.332153 0.000000 0.117835 0.000000 0.993033 0.363008 0.363008 0.363008
5701.162109 0.000000 1067.189819 0.000000 0.585091 0.000000 0.810967 0.375915 0.375915 0.375915
5723.913086 0.000000 1056.683228 0.000000 0.228422 0.000000 0.973562 0.365869 0.365869 0.365869
5712.749023 0.000000 1071.420166 0.000000 0.256781 0.000000 0.966469 0.366613 0.366613 0.366613
5697.014648 0.000000 1063.645996 0.000000 0.229013 0.000000 0.973423 0.365884 0.365884 0.365884
5718.163574 0.000000 1072.300659 0.000000 0.483397 0.000000 0.875401 0.372848 0.372848 0.372848
5716.348633 0.000000 1071.409424 0.000000 0.536874 0.000000 0.843663 0.374432 0.374432 0.374432
5710.809570 0.000000 1068.705322 0.000000 0.124687 0.000000 0.992196 0.363183 0.363183 0.363183
5705.565918 0.000000 1062.215942 0.000000 0.172835 0.000000 0.984951 0.364423 0.364423 0.364423
5730.918945 0.000000 1057.116821 0.000000 0.443466 0.000000 0.896291 0.371700 0.371700 0.371700
5697.625977 0.000000 1070.695312 0.000000 0.038719 0.000000 0.999250 0.360986 0.360986 0.360986
5698.985840 0.000000 1070.691284 0.000000 0.482517 0.000000 0.875887 0.372822 0.372822 0.372822
5660.944336 0.000000 1109.070557 0.000000 0.028702 0.000000 0.999588 0.377825 0.377825 0.377825
5671.382324 0.000000 1106.821655 0.000000 0.238011 0.000000 0.971262 0.378675 0.378675 0.378675
5694.321777 0.000000 1091.535278 0.000000 0.170672 0.000000 0.985328 0.377642 0.377642 0.377642
5659.790527 0.000000 1091.956665 0.000000 0.433034 0.000000 0.901378 0.380936 0.380936 0.380936
5663.902832 0.000000 1088.486816 0.000000 0.143668 0.000000 0.989626 0.375068 0.375068 0.375068
5659.236816 0.000000 1090.690063 0.000000 0.214184 0.000000 0.976793 0.376998 0.376998 0.376998
5661.510254 0.000000 1087.266113 0.000000 0.527650 0.000000 0.849462 0.382516 0.382516 0.382516
5695.184082 0.000000 1087.233521 0.000000 0.476445 0.000000 0.879204 0.374416 0.374416 0.374416
5690.916016 0.000000 1085.954224 0.000000 0.420353 0.000000 0.907361 0.371047 0.371047 0.371047
5664.706543 0.000000 1081.602417 0.000000 0.338209 0.000000 0.941071 0.373498 0.373498 0.373498
5661.746582 0.000000 1090.617188 0.000000 0.192212 0.000000 0.981354 0.365613 0.365613 0.365613
5669.131348 0.000000 1106.210083 0.000000 0.170494 0.000000 0.985359 0.367507 0.367507 0.367507
5662.799805 0.000000 1083.414185 0.000000 0.475246 0.000000 0.879853 0.373793 0.373793 0.373793
5661.415527 0.000000 1091.760864 0.000000 0.418075 0.000000 0.908413 0.371553 0.371553 0.371553
5689.922852 0.000000 1075.073608 0.000000 0.381069 0.000000 0.924547 0.371016 0.371016 0.371016
5689.898926 0.000000 1080.043335 0.000000 0.162290 0.000000 0.986743 0.364151 0.364151 0.364151
5663.801758 0.000000 1083.070923 0.000000 0.287481 0.000000 0.957786 0.368831 0.368831 0.368831
5692.789062 0.000000 1082.325073 0.000000 0.325553 0.000000 0.945524 0.368444 0.368444 0.368444
5693.256836 0.000000 1076.350830 0.000000 0.112343 0.000000 0.993669 0.362867 0.362867 0.362867
5704.070801 0.000000 1076.995972 0.000000 0.536509 0.000000 0.843895 0.381543 0.381543 0.381543
5711.058105 0.000000 1078.929565 0.000000 0.308120 0.000000 0.951348 0.375385 0.375385 0.375385
5706.822754 0.000000 1073.213013 0.000000 0.521001 0.000000 0.853556 0.378245 0.378245 0.378245
5704.761230 0.000000 1081.894409 0.000000 0.263439 0.000000 0.964676 0.372519 0.372519 0.372519
5696.804688 0.000000 1082.088379 0.000000 0.585158 0.000000 0.810920 0.375917 0.375917 0.375917
5700.784668 0.000000 1077.588623 0.000000 0.139719 0.000000 0.990191 0.363570 0.363570 0.363570
"}
object={
	name="oak_dense_generator_3_1"
	clamp_to_water_level=no
	render_under_water=no
	generated_content=yes
	layer="semidynamic_high"
	pdxmesh="oak_tree_02_mesh"
	count=162
	transform="5395.991699 0.000000 767.524353 0.000000 0.943685 0.000000 0.330846 0.395404 0.395404 0.395404
5584.244141 0.000000 932.947815 0.000000 0.901877 0.000000 0.431993 0.393866 0.393866 0.393866
5611.960938 0.000000 925.852234 0.000000 0.886536 0.000000 0.462660 0.392603 0.392603 0.392603
5589.609863 0.000000 936.398987 0.000000 0.819801 0.000000 0.572648 0.390714 0.390714 0.390714
5625.728516 0.000000 929.144714 0.000000 0.845210 0.000000 0.534435 0.390569 0.390569 0.390569
5605.802246 0.000000 922.026855 0.000000 0.923505 0.000000 0.383585 0.393356 0.393356 0.393356
5591.955566 0.000000 937.540588 0.000000 0.632270 0.000000 0.774748 0.385484 0.385484 0.385484
5600.868164 0.000000 920.121399 0.000000 0.914850 0.000000 0.403794 0.392798 0.392798 0.392798
5602.581543 0.000000 922.929688 0.000000 0.943381 0.000000 0.331712 0.394091 0.394091 0.394091
5605.805176 0.000000 959.276733 0.000000 0.926743 0.000000 0.375695 0.393058 0.393058 0.393058
5630.499512 0.000000 933.138550 0.000000 0.894627 0.000000 0.446814 0.391975 0.391975 0.391975
5591.285645 0.000000 943.460510 0.000000 0.689401 0.000000 0.724380 0.386085 0.386085 0.386085
5626.406250 0.000000 942.830322 0.000000 0.653368 0.000000 0.757041 0.384306 0.384306 0.384306
5629.145996 0.000000 945.429260 0.000000 0.908314 0.000000 0.418289 0.391898 0.391898 0.391898
5590.709473 0.000000 923.712097 0.000000 0.827338 0.000000 0.561704 0.388951 0.388951 0.388951
5628.439453 0.000000 952.803040 0.000000 0.617057 0.000000 0.786919 0.383944 0.383944 0.383944
5622.205566 0.000000 938.963257 0.000000 0.802137 0.000000 0.597140 0.388242 0.388242 0.388242
5625.099121 0.000000 950.752075 0.000000 0.611547 0.000000 0.791208 0.383365 0.383365 0.383365
5618.448730 0.000000 946.974854 0.000000 0.714086 0.000000 0.700058 0.384822 0.384822 0.384822
5617.639160 0.000000 959.506653 0.000000 0.905710 0.000000 0.423898 0.391913 0.391913 0.391913
5603.590332 0.000000 949.638306 0.000000 0.842940 0.000000 0.538008 0.389136 0.389136 0.389136
5619.326660 0.000000 951.265747 0.000000 0.754219 0.000000 0.656623 0.386766 0.386766 0.386766
5606.524902 0.000000 951.103394 0.000000 0.849655 0.000000 0.527338 0.389183 0.389183 0.389183
5586.134277 0.000000 960.150208 0.000000 0.659075 0.000000 0.752078 0.383892 0.383892 0.383892
5614.873535 0.000000 952.851379 0.000000 0.608157 0.000000 0.793817 0.382600 0.382600 0.382600
5625.404785 0.000000 941.394165 0.000000 0.634177 0.000000 0.773188 0.384157 0.384157 0.384157
5602.360840 0.000000 949.123169 0.000000 0.703043 0.000000 0.711147 0.384871 0.384871 0.384871
5600.863281 0.000000 924.574646 0.000000 0.833498 0.000000 0.552522 0.388864 0.388864 0.388864
5618.113770 0.000000 949.505371 0.000000 0.711652 0.000000 0.702532 0.384754 0.384754 0.384754
5596.046387 0.000000 937.064148 0.000000 0.863547 0.000000 0.504269 0.389576 0.389576 0.389576
5609.168457 0.000000 935.307373 0.000000 0.910426 0.000000 0.413672 0.391418 0.391418 0.391418
5600.813965 0.000000 941.604797 0.000000 0.633173 0.000000 0.774011 0.382277 0.382277 0.382277
5619.089355 0.000000 932.746887 0.000000 0.925920 0.000000 0.377719 0.392361 0.392361 0.392361
5620.589844 0.000000 947.168701 0.000000 0.803691 0.000000 0.595047 0.387430 0.387430 0.387430
5631.312988 0.000000 945.024963 0.000000 0.656033 0.000000 0.754732 0.384413 0.384413 0.384413
5595.631348 0.000000 959.599976 0.000000 0.828988 0.000000 0.559266 0.388057 0.388057 0.388057
5588.580078 0.000000 951.347168 0.000000 0.753335 0.000000 0.657637 0.386096 0.386096 0.386096
5591.733887 0.000000 945.651184 0.000000 0.939463 0.000000 0.342652 0.393609 0.393609 0.393609
5607.595215 0.000000 946.847900 0.000000 0.929486 0.000000 0.368858 0.393021 0.393021 0.393021
5600.087402 0.000000 943.869263 0.000000 0.644357 0.000000 0.764725 0.382699 0.382699 0.382699
5596.939453 0.000000 947.362793 0.000000 0.712533 0.000000 0.701638 0.384778 0.384778 0.384778
5616.086914 0.000000 939.431519 0.000000 0.620868 0.000000 0.783915 0.382636 0.382636 0.382636
5604.531250 0.000000 947.895935 0.000000 0.623083 0.000000 0.782156 0.383004 0.383004 0.383004
5605.960449 0.000000 943.618774 0.000000 0.909592 0.000000 0.415503 0.391485 0.391485 0.391485
5592.183105 0.000000 925.437500 0.000000 0.896705 0.000000 0.442630 0.391208 0.391208 0.391208
5596.949219 0.000000 924.455017 0.000000 0.880341 0.000000 0.474342 0.390080 0.390080 0.390080
5604.699219 0.000000 945.264893 0.000000 0.751730 0.000000 0.659471 0.385977 0.385977 0.385977
5607.715332 0.000000 951.256836 0.000000 0.836819 0.000000 0.547480 0.388718 0.388718 0.388718
5603.812500 0.000000 939.174133 0.000000 0.799706 0.000000 0.600392 0.387170 0.387170 0.387170
5626.459473 0.000000 945.274231 0.000000 0.818257 0.000000 0.574853 0.388197 0.388197 0.388197
5622.952148 0.000000 947.705994 0.000000 0.714844 0.000000 0.699284 0.384804 0.384804 0.384804
5604.375977 0.000000 941.014709 0.000000 0.920547 0.000000 0.390632 0.391905 0.391905 0.391905
5603.250488 0.000000 941.176392 0.000000 0.933906 0.000000 0.357519 0.392807 0.392807 0.392807
5607.517090 0.000000 938.438171 0.000000 0.752499 0.000000 0.658594 0.385820 0.385820 0.385820
5599.611328 0.000000 929.166565 0.000000 0.708120 0.000000 0.706092 0.384303 0.384303 0.384303
5618.309082 0.000000 939.562500 0.000000 0.901310 0.000000 0.433176 0.390985 0.390985 0.390985
5614.767090 0.000000 943.562866 0.000000 0.752422 0.000000 0.658681 0.385710 0.385710 0.385710
5595.131348 0.000000 976.355530 0.000000 0.707120 0.000000 0.707093 0.389647 0.389647 0.389647
5582.623047 0.000000 964.945679 0.000000 0.622350 0.000000 0.782739 0.384198 0.384198 0.384198
5600.387695 0.000000 969.527893 0.000000 0.838700 0.000000 0.544593 0.389792 0.389792 0.389792
5602.554688 0.000000 969.948425 0.000000 0.630257 0.000000 0.776387 0.384377 0.384377 0.384377
5614.633301 0.000000 964.950256 0.000000 0.592735 0.000000 0.805398 0.382655 0.382655 0.382655
5621.270996 0.000000 963.534485 0.000000 0.659507 0.000000 0.751698 0.384497 0.384497 0.384497
5607.881348 0.000000 960.297607 0.000000 0.834086 0.000000 0.551635 0.388592 0.388592 0.388592
5601.743164 0.000000 960.472778 0.000000 0.694161 0.000000 0.719820 0.384794 0.384794 0.384794
5607.708496 0.000000 966.229126 0.000000 0.828751 0.000000 0.559617 0.389235 0.389235 0.389235
5584.913574 0.000000 964.017334 0.000000 0.869764 0.000000 0.493468 0.390414 0.390414 0.390414
5600.901855 0.000000 967.118103 0.000000 0.667879 0.000000 0.744270 0.384156 0.384156 0.384156
5590.342773 0.000000 960.379883 0.000000 0.623071 0.000000 0.782165 0.382645 0.382645 0.382645
5617.195312 0.000000 960.597290 0.000000 0.813115 0.000000 0.582103 0.387808 0.387808 0.387808
5602.086426 0.000000 967.132385 0.000000 0.942536 0.000000 0.334104 0.393639 0.393639 0.393639
5606.425293 0.000000 964.045715 0.000000 0.838528 0.000000 0.544858 0.388981 0.388981 0.388981
5609.046387 0.000000 960.559143 0.000000 0.645291 0.000000 0.763937 0.382680 0.382680 0.382680
5632.936035 0.000000 926.359558 0.000000 0.777661 0.000000 0.628683 0.390597 0.390597 0.390597
5657.618652 0.000000 955.427246 0.000000 0.937601 0.000000 0.347712 0.394840 0.394840 0.394840
5657.774414 0.000000 953.449219 0.000000 0.918849 0.000000 0.394610 0.393924 0.393924 0.393924
5640.986816 0.000000 958.458069 0.000000 0.811117 0.000000 0.584884 0.390236 0.390236 0.390236
5650.536621 0.000000 957.219788 0.000000 0.920223 0.000000 0.391396 0.393534 0.393534 0.393534
5654.025391 0.000000 946.044067 0.000000 0.655263 0.000000 0.755401 0.386233 0.386233 0.386233
5637.854492 0.000000 938.503174 0.000000 0.895432 0.000000 0.445198 0.391637 0.391637 0.391637
5634.875977 0.000000 936.336731 0.000000 0.812802 0.000000 0.582541 0.388915 0.388915 0.388915
5642.112793 0.000000 940.906860 0.000000 0.712433 0.000000 0.701740 0.386523 0.386523 0.386523
5634.857910 0.000000 946.093506 0.000000 0.928989 0.000000 0.370108 0.392996 0.392996 0.392996
5640.396484 0.000000 942.530640 0.000000 0.940593 0.000000 0.339536 0.393479 0.393479 0.393479
5643.890137 0.000000 954.483032 0.000000 0.781065 0.000000 0.624450 0.387843 0.387843 0.387843
5644.104980 0.000000 946.648743 0.000000 0.924270 0.000000 0.381740 0.392099 0.392099 0.392099
5646.414551 0.000000 953.028076 0.000000 0.899625 0.000000 0.436664 0.391403 0.391403 0.391403
5656.535645 0.000000 1033.073730 0.000000 0.949295 0.000000 0.314387 0.395481 0.395481 0.395481
5659.877441 0.000000 1028.209595 0.000000 0.747666 0.000000 0.664075 0.388577 0.388577 0.388577
5675.584473 0.000000 1055.793701 0.000000 0.747403 0.000000 0.664371 0.387229 0.387229 0.387229
5662.762207 0.000000 1038.887329 0.000000 0.740679 0.000000 0.671859 0.385507 0.385507 0.385507
5689.404785 0.000000 1054.362915 0.000000 0.727059 0.000000 0.686575 0.385981 0.385981 0.385981
5689.305176 0.000000 1067.915527 0.000000 0.777387 0.000000 0.629023 0.386583 0.386583 0.386583
5663.979004 0.000000 1045.786743 0.000000 0.631540 0.000000 0.775344 0.382412 0.382412 0.382412
5674.652344 0.000000 1056.371460 0.000000 0.764285 0.000000 0.644879 0.385897 0.385897 0.385897
5663.664551 0.000000 1028.437866 0.000000 0.732852 0.000000 0.680388 0.383971 0.383971 0.383971
5686.952148 0.000000 1060.674805 0.000000 0.912942 0.000000 0.408090 0.390933 0.390933 0.390933
5662.405762 0.000000 1054.958618 0.000000 0.667154 0.000000 0.744920 0.378599 0.378599 0.378599
5695.184082 0.000000 1030.749146 0.000000 0.687398 0.000000 0.726281 0.382709 0.382709 0.382709
5693.034180 0.000000 1061.736450 0.000000 0.930759 0.000000 0.365634 0.391720 0.391720 0.391720
5665.619629 0.000000 1033.781616 0.000000 0.628029 0.000000 0.778190 0.382011 0.382011 0.382011
5673.023438 0.000000 1052.296265 0.000000 0.940473 0.000000 0.339867 0.391602 0.391602 0.391602
5695.029297 0.000000 1048.452637 0.000000 0.591476 0.000000 0.806322 0.377521 0.377521 0.377521
5669.912109 0.000000 1049.303589 0.000000 0.832715 0.000000 0.553701 0.385057 0.385057 0.385057
5663.761230 0.000000 1055.726807 0.000000 0.712000 0.000000 0.702180 0.380177 0.380177 0.380177
5666.980957 0.000000 1044.989746 0.000000 0.805919 0.000000 0.592025 0.383866 0.383866 0.383866
5669.287109 0.000000 1047.954956 0.000000 0.608800 0.000000 0.793324 0.376668 0.376668 0.376668
5660.295410 0.000000 1053.094482 0.000000 0.831183 0.000000 0.555999 0.386076 0.386076 0.386076
5669.967285 0.000000 1048.446411 0.000000 0.928292 0.000000 0.371853 0.390298 0.390298 0.390298
5692.186035 0.000000 1030.779419 0.000000 0.588953 0.000000 0.808168 0.376648 0.376648 0.376648
5693.781250 0.000000 1031.620605 0.000000 0.592095 0.000000 0.805868 0.376744 0.376744 0.376744
5665.354980 0.000000 1042.006470 0.000000 0.772222 0.000000 0.635352 0.382468 0.382468 0.382468
5695.749512 0.000000 1064.433472 0.000000 0.786522 0.000000 0.617562 0.383050 0.383050 0.383050
5692.099609 0.000000 1066.480347 0.000000 0.924969 0.000000 0.380044 0.390073 0.390073 0.390073
5696.712402 0.000000 1034.939697 0.000000 0.750135 0.000000 0.661285 0.389141 0.389141 0.389141
5701.850586 0.000000 1034.497192 0.000000 0.662084 0.000000 0.749430 0.385787 0.385787 0.385787
5699.093750 0.000000 1046.788696 0.000000 0.910313 0.000000 0.413921 0.392755 0.392755 0.392755
5720.351074 0.000000 1068.849121 0.000000 0.733662 0.000000 0.679515 0.387280 0.387280 0.387280
5722.372559 0.000000 1069.575562 0.000000 0.661731 0.000000 0.749741 0.383409 0.383409 0.383409
5722.614258 0.000000 1060.362183 0.000000 0.742504 0.000000 0.669842 0.385230 0.385230 0.385230
5733.960449 0.000000 1056.587524 0.000000 0.820517 0.000000 0.571622 0.387483 0.387483 0.387483
5732.052246 0.000000 1056.161865 0.000000 0.945501 0.000000 0.325618 0.393177 0.393177 0.393177
5710.294922 0.000000 1063.227051 0.000000 0.752981 0.000000 0.658042 0.385297 0.385297 0.385297
5717.386719 0.000000 1072.544434 0.000000 0.944150 0.000000 0.329517 0.391449 0.391449 0.391449
5724.664062 0.000000 1069.261475 0.000000 0.926036 0.000000 0.377436 0.390898 0.390898 0.390898
5726.683105 0.000000 1056.990967 0.000000 0.940256 0.000000 0.340467 0.391153 0.391153 0.391153
5727.623535 0.000000 1065.057495 0.000000 0.912802 0.000000 0.408401 0.389287 0.389287 0.389287
5713.233887 0.000000 1072.883667 0.000000 0.675886 0.000000 0.737006 0.381795 0.381795 0.381795
5708.830078 0.000000 1062.812744 0.000000 0.879308 0.000000 0.476253 0.388128 0.388128 0.388128
5728.118652 0.000000 1060.820923 0.000000 0.920357 0.000000 0.391079 0.389768 0.389768 0.389768
5722.283691 0.000000 1057.953613 0.000000 0.777999 0.000000 0.628265 0.382701 0.382701 0.382701
5702.476074 0.000000 1030.388184 0.000000 0.594459 0.000000 0.804126 0.377470 0.377470 0.377470
5696.073242 0.000000 1047.348022 0.000000 0.766729 0.000000 0.641971 0.382249 0.382249 0.382249
5696.240723 0.000000 1061.299805 0.000000 0.838693 0.000000 0.544604 0.385334 0.385334 0.385334
5730.762207 0.000000 1058.551147 0.000000 0.597967 0.000000 0.801521 0.376322 0.376322 0.376322
5698.363770 0.000000 1066.104004 0.000000 0.649366 0.000000 0.760476 0.377997 0.377997 0.377997
5696.939453 0.000000 1045.294922 0.000000 0.716536 0.000000 0.697550 0.380342 0.380342 0.380342
5726.081055 0.000000 1055.743286 0.000000 0.872740 0.000000 0.488186 0.387013 0.387013 0.387013
5697.940430 0.000000 1061.158081 0.000000 0.858384 0.000000 0.513008 0.386283 0.386283 0.386283
5726.100098 0.000000 1061.843506 0.000000 0.736138 0.000000 0.676832 0.381068 0.381068 0.381068
5701.517090 0.000000 1062.866943 0.000000 0.872979 0.000000 0.487758 0.387025 0.387025 0.387025
5727.270020 0.000000 1060.936890 0.000000 0.644376 0.000000 0.764709 0.377831 0.377831 0.377831
5701.387207 0.000000 1065.629639 0.000000 0.925938 0.000000 0.377676 0.390138 0.390138 0.390138
5727.842773 0.000000 1063.736938 0.000000 0.938503 0.000000 0.345270 0.391023 0.391023 0.391023
5698.768066 0.000000 1063.176147 0.000000 0.781803 0.000000 0.623526 0.382856 0.382856 0.382856
5704.456055 0.000000 1058.243530 0.000000 0.916191 0.000000 0.400742 0.389500 0.389500 0.389500
5667.619629 0.000000 1115.109985 0.000000 0.829444 0.000000 0.558589 0.390589 0.390589 0.390589
5689.036621 0.000000 1086.729614 0.000000 0.695077 0.000000 0.718936 0.384217 0.384217 0.384217
5661.937500 0.000000 1088.198242 0.000000 0.910006 0.000000 0.414595 0.389626 0.389626 0.389626
5689.492676 0.000000 1078.093628 0.000000 0.848888 0.000000 0.528574 0.385818 0.385818 0.385818
5688.552246 0.000000 1082.228882 0.000000 0.835249 0.000000 0.549872 0.385523 0.385523 0.385523
5661.157715 0.000000 1089.341797 0.000000 0.933720 0.000000 0.358005 0.391115 0.391115 0.391115
5690.712891 0.000000 1077.874512 0.000000 0.878293 0.000000 0.478123 0.387305 0.387305 0.387305
5705.400879 0.000000 1089.322266 0.000000 0.641575 0.000000 0.767060 0.388738 0.388738 0.388738
5696.649414 0.000000 1088.118164 0.000000 0.905442 0.000000 0.424471 0.391770 0.391770 0.391770
5703.502930 0.000000 1080.476562 0.000000 0.719525 0.000000 0.694466 0.384323 0.384323 0.384323
5701.411133 0.000000 1084.982910 0.000000 0.786481 0.000000 0.617615 0.386239 0.386239 0.386239
5699.019531 0.000000 1084.513550 0.000000 0.610972 0.000000 0.791652 0.378152 0.378152 0.378152
5699.037598 0.000000 1083.575562 0.000000 0.713862 0.000000 0.700286 0.380244 0.380244 0.380244
5697.429688 0.000000 1084.496094 0.000000 0.888835 0.000000 0.458228 0.387879 0.387879 0.387879
5699.831543 0.000000 1085.018433 0.000000 0.701949 0.000000 0.712227 0.381042 0.381042 0.381042
5698.212402 0.000000 1084.920532 0.000000 0.913608 0.000000 0.406597 0.389985 0.389985 0.389985
"}
object={
	name="oak_dense_generator_3_2"
	clamp_to_water_level=no
	render_under_water=no
	generated_content=yes
	layer="semidynamic_high"
	pdxmesh="oak_tree_03_mesh"
	count=177
	transform="5400.332520 0.000000 769.501282 0.000000 0.954188 0.000000 0.299208 0.395312 0.395312 0.395312
5391.736328 0.000000 765.058105 0.000000 0.960560 0.000000 -0.278071 0.404587 0.404587 0.404587
5591.491699 0.000000 904.381531 0.000000 0.971792 0.000000 0.235841 0.396885 0.396885 0.396885
5598.608887 0.000000 909.289673 0.000000 0.970295 0.000000 -0.241924 0.403428 0.403428 0.403428
5587.576660 0.000000 939.201599 0.000000 0.999885 0.000000 -0.015181 0.400225 0.400225 0.400225
5626.520996 0.000000 957.662598 0.000000 0.952447 0.000000 -0.304705 0.404700 0.404700 0.404700
5629.535645 0.000000 957.925537 0.000000 0.978116 0.000000 0.208062 0.396714 0.396714 0.396714
5584.425781 0.000000 954.453064 0.000000 0.960623 0.000000 -0.277857 0.404611 0.404611 0.404611
5604.813477 0.000000 920.904236 0.000000 0.971606 0.000000 0.236604 0.396207 0.396207 0.396207
5611.954590 0.000000 927.456055 0.000000 0.992058 0.000000 -0.125783 0.402059 0.402059 0.402059
5616.063965 0.000000 929.546021 0.000000 0.997774 0.000000 0.066690 0.398824 0.398824 0.398824
5590.292480 0.000000 935.170593 0.000000 0.999046 0.000000 0.043666 0.399274 0.399274 0.399274
5612.409668 0.000000 929.778442 0.000000 0.996550 0.000000 -0.083000 0.401465 0.401465 0.401465
5606.060059 0.000000 924.574219 0.000000 0.987224 0.000000 -0.159336 0.402733 0.402733 0.402733
5631.974609 0.000000 935.281433 0.000000 0.997446 0.000000 0.071426 0.398697 0.398697 0.398697
5605.886230 0.000000 949.921753 0.000000 0.998150 0.000000 0.060798 0.398885 0.398885 0.398885
5592.631836 0.000000 914.362854 0.000000 0.992960 0.000000 0.118453 0.397789 0.397789 0.397789
5624.732422 0.000000 952.307068 0.000000 0.955798 0.000000 -0.294023 0.405141 0.405141 0.405141
5618.572266 0.000000 928.464661 0.000000 0.970205 0.000000 -0.242284 0.404289 0.404289 0.404289
5592.136230 0.000000 924.164185 0.000000 0.999551 0.000000 -0.029974 0.400575 0.400575 0.400575
5589.323242 0.000000 944.971863 0.000000 0.990295 0.000000 -0.138984 0.402569 0.402569 0.402569
5612.134277 0.000000 938.731323 0.000000 0.974437 0.000000 -0.224660 0.404265 0.404265 0.404265
5618.304199 0.000000 930.137756 0.000000 0.972467 0.000000 -0.233039 0.404380 0.404380 0.404380
5617.121094 0.000000 955.658081 0.000000 0.996652 0.000000 -0.081761 0.401439 0.401439 0.401439
5592.864258 0.000000 930.303955 0.000000 0.976127 0.000000 -0.217201 0.404023 0.404023 0.404023
5585.052246 0.000000 946.554565 0.000000 0.977664 0.000000 -0.210175 0.403711 0.403711 0.403711
5604.740723 0.000000 928.852112 0.000000 0.998481 0.000000 -0.055091 0.401065 0.401065 0.401065
5616.161133 0.000000 943.099060 0.000000 0.965940 0.000000 0.258767 0.394812 0.394812 0.394812
5599.082031 0.000000 939.897705 0.000000 0.994576 0.000000 -0.104014 0.402066 0.402066 0.402066
5613.887207 0.000000 942.981995 0.000000 0.995070 0.000000 0.099172 0.398076 0.398076 0.398076
5612.451660 0.000000 947.362488 0.000000 0.965180 0.000000 0.261587 0.395031 0.395031 0.395031
5620.968750 0.000000 935.497620 0.000000 0.993684 0.000000 0.112218 0.397782 0.397782 0.397782
5610.301758 0.000000 947.295776 0.000000 0.997390 0.000000 0.072207 0.398560 0.398560 0.398560
5608.053711 0.000000 956.104248 0.000000 0.999279 0.000000 -0.037967 0.400717 0.400717 0.400717
5626.917480 0.000000 950.996643 0.000000 0.997545 0.000000 -0.070026 0.401263 0.401263 0.401263
5600.520996 0.000000 959.202820 0.000000 0.981173 0.000000 -0.193131 0.403523 0.403523 0.403523
5622.086914 0.000000 948.349121 0.000000 0.999404 0.000000 -0.034532 0.400681 0.400681 0.400681
5605.762695 0.000000 947.627441 0.000000 0.968319 0.000000 -0.249715 0.404776 0.404776 0.404776
5623.669922 0.000000 937.414612 0.000000 0.983305 0.000000 0.181968 0.396528 0.396528 0.396528
5599.890137 0.000000 949.991150 0.000000 0.994743 0.000000 -0.102403 0.402018 0.402018 0.402018
5607.071777 0.000000 953.468140 0.000000 0.997612 0.000000 -0.069065 0.401387 0.401387 0.401387
5605.870117 0.000000 956.678040 0.000000 0.963611 0.000000 0.267308 0.395082 0.395082 0.395082
5598.526367 0.000000 948.205383 0.000000 0.974116 0.000000 -0.226050 0.404486 0.404486 0.404486
5592.507324 0.000000 951.275024 0.000000 0.999431 0.000000 -0.033729 0.400645 0.400645 0.400645
5610.127930 0.000000 951.203308 0.000000 0.959567 0.000000 -0.281481 0.405371 0.405371 0.405371
5624.008301 0.000000 945.999390 0.000000 0.999669 0.000000 0.025722 0.399491 0.399491 0.399491
5610.690430 0.000000 959.793213 0.000000 0.999286 0.000000 -0.037778 0.400749 0.400749 0.400749
5588.942871 0.000000 953.357178 0.000000 0.988581 0.000000 -0.150688 0.402855 0.402855 0.402855
5607.291504 0.000000 942.755493 0.000000 0.974211 0.000000 0.225640 0.395738 0.395738 0.395738
5594.905273 0.000000 937.323364 0.000000 0.997818 0.000000 0.066028 0.398773 0.398773 0.398773
5613.039062 0.000000 941.173401 0.000000 0.999381 0.000000 -0.035189 0.400692 0.400692 0.400692
5614.890137 0.000000 940.004822 0.000000 0.997502 0.000000 -0.070635 0.401363 0.401363 0.401363
5601.173340 0.000000 928.147156 0.000000 0.976465 0.000000 0.215676 0.395767 0.395767 0.395767
5595.464355 0.000000 929.314392 0.000000 0.999914 0.000000 -0.013149 0.400261 0.400261 0.400261
5599.979004 0.000000 932.817932 0.000000 0.959931 0.000000 0.280237 0.394384 0.394384 0.394384
5604.052246 0.000000 943.193115 0.000000 0.998091 0.000000 -0.061767 0.401228 0.401228 0.401228
5610.652344 0.000000 943.402649 0.000000 0.957447 0.000000 -0.288609 0.405526 0.405526 0.405526
5596.341797 0.000000 953.414185 0.000000 0.998541 0.000000 -0.054008 0.401087 0.401087 0.401087
5612.578125 0.000000 934.137512 0.000000 0.954716 0.000000 -0.297520 0.405973 0.405973 0.405973
5603.967285 0.000000 938.024231 0.000000 0.983513 0.000000 -0.180837 0.403623 0.403623 0.403623
5607.486328 0.000000 932.737122 0.000000 0.999999 0.000000 0.001489 0.399970 0.399970 0.399970
5597.912109 0.000000 924.042969 0.000000 0.989593 0.000000 0.143894 0.397102 0.397102 0.397102
5598.965820 0.000000 933.239258 0.000000 0.989771 0.000000 -0.142663 0.402831 0.402831 0.402831
5601.751465 0.000000 943.726624 0.000000 0.958285 0.000000 0.285815 0.394240 0.394240 0.394240
5596.115234 0.000000 957.578064 0.000000 0.991781 0.000000 0.127944 0.397418 0.397418 0.397418
5588.094727 0.000000 975.635254 0.000000 0.999960 0.000000 0.008993 0.399874 0.399874 0.399874
5577.795410 0.000000 960.258728 0.000000 0.997913 0.000000 -0.064566 0.400913 0.400913 0.400913
5621.177734 0.000000 970.754822 0.000000 0.995879 0.000000 0.090692 0.398671 0.398671 0.398671
5607.104492 0.000000 972.127991 0.000000 0.971571 0.000000 -0.236747 0.403568 0.403568 0.403568
5616.943848 0.000000 971.822876 0.000000 0.999896 0.000000 0.014436 0.399782 0.399782 0.399782
5611.071777 0.000000 970.812866 0.000000 0.974897 0.000000 -0.222656 0.403532 0.403532 0.403532
5583.104980 0.000000 963.136963 0.000000 0.999971 0.000000 0.007621 0.399865 0.399865 0.399865
5623.122559 0.000000 965.377258 0.000000 0.980977 0.000000 -0.194122 0.403268 0.403268 0.403268
5599.069336 0.000000 969.617493 0.000000 0.964318 0.000000 -0.264748 0.404709 0.404709 0.404709
5611.903809 0.000000 960.341797 0.000000 0.979019 0.000000 0.203771 0.396086 0.396086 0.396086
5597.048828 0.000000 961.876831 0.000000 0.986131 0.000000 -0.165971 0.403247 0.403247 0.403247
5593.831543 0.000000 967.377869 0.000000 0.999432 0.000000 -0.033694 0.400638 0.400638 0.400638
5598.228516 0.000000 960.246033 0.000000 0.970490 0.000000 0.241143 0.395343 0.395343 0.395343
5610.590820 0.000000 963.643311 0.000000 0.999435 0.000000 0.033605 0.399324 0.399324 0.399324
5586.082520 0.000000 960.296631 0.000000 0.995794 0.000000 -0.091625 0.401736 0.401736 0.401736
5617.364258 0.000000 962.523743 0.000000 0.998947 0.000000 0.045875 0.399097 0.399097 0.399097
5599.684570 0.000000 964.369629 0.000000 1.000000 0.000000 -0.000617 0.400012 0.400012 0.400012
5605.770020 0.000000 965.236877 0.000000 0.999855 0.000000 0.017001 0.399666 0.399666 0.399666
5659.595215 0.000000 954.273743 0.000000 0.998666 0.000000 0.051640 0.399301 0.399301 0.399301
5651.576660 0.000000 939.201599 0.000000 0.993622 0.000000 0.112761 0.398358 0.398358 0.398358
5656.887695 0.000000 945.350220 0.000000 0.985964 0.000000 0.166959 0.397563 0.397563 0.397563
5647.325195 0.000000 938.758423 0.000000 0.999868 0.000000 0.016250 0.399748 0.399748 0.399748
5649.862305 0.000000 940.077454 0.000000 0.984755 0.000000 -0.173947 0.402820 0.402820 0.402820
5637.961426 0.000000 954.382874 0.000000 0.987233 0.000000 0.159286 0.397252 0.397252 0.397252
5652.708984 0.000000 947.315430 0.000000 0.987034 0.000000 0.160510 0.397247 0.397247 0.397247
5639.662109 0.000000 940.475281 0.000000 0.978433 0.000000 0.206562 0.396135 0.396135 0.396135
5639.959473 0.000000 953.008789 0.000000 0.964818 0.000000 0.262920 0.395072 0.395072 0.395072
5632.042480 0.000000 937.181213 0.000000 0.982169 0.000000 -0.188000 0.403485 0.403485 0.403485
5646.943359 0.000000 944.344543 0.000000 0.963411 0.000000 -0.268028 0.405054 0.405054 0.405054
5633.354492 0.000000 945.466003 0.000000 0.974956 0.000000 -0.222398 0.404076 0.404076 0.404076
5636.508301 0.000000 946.450500 0.000000 0.999948 0.000000 0.010193 0.399807 0.399807 0.399807
5650.479492 0.000000 950.393494 0.000000 0.970827 0.000000 0.239781 0.395502 0.395502 0.395502
5635.040527 0.000000 951.795593 0.000000 0.994062 0.000000 0.108815 0.397855 0.397855 0.397855
5635.149902 0.000000 949.543274 0.000000 0.981709 0.000000 -0.190389 0.403740 0.403740 0.403740
5641.062988 0.000000 945.729980 0.000000 0.996129 0.000000 -0.087904 0.401732 0.401732 0.401732
5642.690430 0.000000 950.111816 0.000000 0.967714 0.000000 0.252050 0.394911 0.394911 0.394911
5639.351074 0.000000 943.000916 0.000000 0.997701 0.000000 -0.067764 0.401321 0.401321 0.401321
5647.808594 0.000000 947.921387 0.000000 0.999649 0.000000 -0.026476 0.400518 0.400518 0.400518
5646.090820 0.000000 947.783813 0.000000 0.999783 0.000000 -0.020810 0.400407 0.400407 0.400407
5667.666992 0.000000 1053.204956 0.000000 0.957203 0.000000 0.289417 0.395983 0.395983 0.395983
5661.739258 0.000000 1038.181885 0.000000 0.999951 0.000000 0.009848 0.399857 0.399857 0.399857
5675.818848 0.000000 1054.220581 0.000000 0.965901 0.000000 0.258913 0.395397 0.395397 0.395397
5690.750488 0.000000 1031.206177 0.000000 0.984825 0.000000 -0.173548 0.403266 0.403266 0.403266
5674.301758 0.000000 1060.264526 0.000000 0.955655 0.000000 0.294488 0.394284 0.394284 0.394284
5674.279785 0.000000 1061.575439 0.000000 0.987697 0.000000 0.156378 0.396997 0.396997 0.396997
5674.410156 0.000000 1057.754517 0.000000 0.995360 0.000000 -0.096217 0.401939 0.401939 0.401939
5693.255859 0.000000 1037.808716 0.000000 0.975205 0.000000 -0.221306 0.404357 0.404357 0.404357
5690.830078 0.000000 1034.973022 0.000000 0.972973 0.000000 0.230918 0.395311 0.395311 0.395311
5695.565430 0.000000 1059.240967 0.000000 0.996877 0.000000 0.078975 0.398283 0.398283 0.398283
5692.182617 0.000000 1042.728027 0.000000 0.980114 0.000000 -0.198435 0.404030 0.404030 0.404030
5671.517090 0.000000 1051.406860 0.000000 0.993729 0.000000 -0.111816 0.402853 0.402853 0.402853
5663.795898 0.000000 1044.633057 0.000000 0.991523 0.000000 -0.129932 0.402583 0.402583 0.402583
5693.160156 0.000000 1051.127686 0.000000 0.956672 0.000000 -0.291166 0.406520 0.406520 0.406520
5668.659668 0.000000 1052.816650 0.000000 0.989726 0.000000 0.142979 0.397092 0.397092 0.397092
5692.518066 0.000000 1030.041382 0.000000 0.998741 0.000000 -0.050162 0.401245 0.401245 0.401245
5691.025879 0.000000 1061.438354 0.000000 0.980284 0.000000 -0.197595 0.404052 0.404052 0.404052
5692.816406 0.000000 1044.675659 0.000000 0.991361 0.000000 -0.131165 0.402837 0.402837 0.402837
5669.729004 0.000000 1051.352905 0.000000 0.977844 0.000000 0.209334 0.394630 0.394630 0.394630
5664.250977 0.000000 1057.926514 0.000000 0.962332 0.000000 -0.271875 0.406558 0.406558 0.406558
5678.968262 0.000000 1059.680542 0.000000 0.966223 0.000000 0.257709 0.394378 0.394378 0.394378
5693.895020 0.000000 1068.801636 0.000000 0.972766 0.000000 -0.231790 0.405957 0.405957 0.405957
5664.896973 0.000000 1056.619751 0.000000 0.970095 0.000000 0.242724 0.394161 0.394161 0.394161
5661.157715 0.000000 1032.857422 0.000000 0.957549 0.000000 -0.288271 0.406804 0.406804 0.406804
5691.146973 0.000000 1055.409058 0.000000 0.996581 0.000000 0.082626 0.397894 0.397894 0.397894
5662.081055 0.000000 1055.743286 0.000000 0.999403 0.000000 -0.034540 0.400880 0.400880 0.400880
5693.569336 0.000000 1030.028931 0.000000 0.999952 0.000000 0.009836 0.399756 0.399756 0.399756
5668.538574 0.000000 1049.215454 0.000000 0.990664 0.000000 -0.136325 0.403482 0.403482 0.403482
5666.735840 0.000000 1044.255737 0.000000 0.991912 0.000000 0.126925 0.396759 0.396759 0.396759
5680.574219 0.000000 1062.442017 0.000000 0.982208 0.000000 0.187799 0.395189 0.395189 0.395189
5719.191895 0.000000 1062.609375 0.000000 0.988546 0.000000 0.150922 0.397927 0.397927 0.397927
5707.039062 0.000000 1032.975098 0.000000 0.999352 0.000000 -0.035987 0.400613 0.400613 0.400613
5702.510254 0.000000 1033.319214 0.000000 0.954361 0.000000 -0.298657 0.405209 0.405209 0.405209
5708.955566 0.000000 1072.582886 0.000000 0.999937 0.000000 0.011192 0.399808 0.399808 0.399808
5702.251953 0.000000 1055.859253 0.000000 0.989544 0.000000 0.144231 0.397507 0.397507 0.397507
5707.042480 0.000000 1057.750610 0.000000 0.994728 0.000000 0.102552 0.398066 0.398066 0.398066
5706.347656 0.000000 1056.788330 0.000000 0.994119 0.000000 0.108293 0.397958 0.397958 0.397958
5696.125977 0.000000 1036.140747 0.000000 0.998303 0.000000 0.058241 0.398819 0.398819 0.398819
5722.823242 0.000000 1066.438965 0.000000 0.988216 0.000000 -0.153065 0.403422 0.403422 0.403422
5726.203125 0.000000 1063.878052 0.000000 0.999865 0.000000 -0.016427 0.400418 0.400418 0.400418
5721.231934 0.000000 1065.490112 0.000000 0.998851 0.000000 0.047929 0.398889 0.398889 0.398889
5707.080566 0.000000 1059.952637 0.000000 0.984492 0.000000 0.175429 0.396020 0.396020 0.396020
5724.580078 0.000000 1067.331543 0.000000 0.999002 0.000000 -0.044676 0.401138 0.401138 0.401138
5713.887207 0.000000 1066.333130 0.000000 0.994908 0.000000 0.100787 0.397853 0.397853 0.397853
5697.834961 0.000000 1043.826660 0.000000 0.996095 0.000000 0.088289 0.397749 0.397749 0.397749
5715.537598 0.000000 1071.837769 0.000000 0.957481 0.000000 0.288498 0.392548 0.392548 0.392548
5729.506836 0.000000 1060.765015 0.000000 0.963072 0.000000 0.269243 0.393058 0.393058 0.393058
5727.761230 0.000000 1055.726807 0.000000 0.971901 0.000000 -0.235391 0.406051 0.406051 0.406051
5715.405273 0.000000 1070.226196 0.000000 0.979307 0.000000 -0.202382 0.405189 0.405189 0.405189
5729.680664 0.000000 1059.931152 0.000000 0.979805 0.000000 0.199953 0.394874 0.394874 0.394874
5698.395996 0.000000 1067.085205 0.000000 0.984481 0.000000 -0.175489 0.404492 0.404492 0.404492
5697.198730 0.000000 1069.594360 0.000000 0.983823 0.000000 -0.179144 0.404587 0.404587 0.404587
5728.096191 0.000000 1059.710327 0.000000 0.969472 0.000000 -0.245203 0.406308 0.406308 0.406308
5724.500488 0.000000 1063.055420 0.000000 0.999950 0.000000 0.010017 0.399745 0.399745 0.399745
5728.196777 0.000000 1055.065063 0.000000 0.953333 0.000000 0.301922 0.392190 0.392190 0.392190
5727.374512 0.000000 1059.358643 0.000000 0.986566 0.000000 0.163361 0.395821 0.395821 0.395821
5697.505371 0.000000 1047.520142 0.000000 0.988961 0.000000 0.148176 0.396213 0.396213 0.396213
5696.237793 0.000000 1043.191772 0.000000 0.952647 0.000000 0.304079 0.392132 0.392132 0.392132
5726.710449 0.000000 1058.176025 0.000000 0.999897 0.000000 -0.014361 0.400366 0.400366 0.400366
5725.272461 0.000000 1056.026123 0.000000 0.956799 0.000000 -0.290750 0.407512 0.407512 0.407512
5731.277832 0.000000 1057.924683 0.000000 0.999722 0.000000 -0.023595 0.400601 0.400601 0.400601
5665.875488 0.000000 1107.965942 0.000000 0.964383 0.000000 -0.264508 0.405280 0.405280 0.405280
5667.250488 0.000000 1110.629517 0.000000 0.997093 0.000000 -0.076193 0.401504 0.401504 0.401504
5688.537109 0.000000 1083.645142 0.000000 0.983762 0.000000 -0.179478 0.404487 0.404487 0.404487
5688.491211 0.000000 1074.032593 0.000000 0.978232 0.000000 0.207514 0.394865 0.394865 0.394865
5669.729004 0.000000 1107.837280 0.000000 0.999304 0.000000 0.037304 0.399134 0.399134 0.399134
5692.863281 0.000000 1087.998535 0.000000 0.998376 0.000000 0.056967 0.398660 0.398660 0.398660
5719.045898 0.000000 1074.837036 0.000000 0.960795 0.000000 0.277260 0.394557 0.394557 0.394557
5710.462402 0.000000 1076.845459 0.000000 0.999249 0.000000 -0.038755 0.400825 0.400825 0.400825
5697.228027 0.000000 1083.631592 0.000000 0.989139 0.000000 -0.146984 0.403757 0.403757 0.403757
5721.756836 0.000000 1073.348267 0.000000 0.996361 0.000000 0.085236 0.398053 0.398053 0.398053
5715.126953 0.000000 1074.663330 0.000000 0.956360 0.000000 -0.292192 0.406588 0.406588 0.406588
5706.516602 0.000000 1081.826538 0.000000 0.978312 0.000000 0.207136 0.394968 0.394968 0.394968
"}
object={
	name="oak_dense_generator_3_3"
	clamp_to_water_level=no
	render_under_water=no
	generated_content=yes
	layer="semidynamic_high"
	pdxmesh="oak_tree_04_mesh"
	count=157
	transform="5397.353516 0.000000 770.186646 0.000000 0.900367 0.000000 -0.435131 0.408137 0.408137 0.408137
5401.172852 0.000000 770.811646 0.000000 0.753758 0.000000 -0.657152 0.412531 0.412531 0.412531
5618.842773 0.000000 921.619934 0.000000 0.843643 0.000000 -0.536904 0.407443 0.407443 0.407443
5603.104004 0.000000 912.292114 0.000000 0.867804 0.000000 -0.496907 0.407115 0.407115 0.407115
5581.139648 0.000000 947.294678 0.000000 0.902210 0.000000 -0.431297 0.406791 0.406791 0.406791
5584.098633 0.000000 913.509521 0.000000 0.724685 0.000000 -0.689080 0.411501 0.411501 0.411501
5583.590332 0.000000 955.846497 0.000000 0.777880 0.000000 -0.628412 0.410450 0.410450 0.410450
5587.935547 0.000000 913.508423 0.000000 0.601135 0.000000 -0.799148 0.414886 0.414886 0.414886
5624.427734 0.000000 955.620972 0.000000 0.678757 0.000000 -0.734363 0.413301 0.413301 0.413301
5622.485352 0.000000 929.164246 0.000000 0.616583 0.000000 -0.787290 0.415388 0.415388 0.415388
5625.198730 0.000000 930.485474 0.000000 0.824136 0.000000 -0.566392 0.410763 0.410763 0.410763
5609.922852 0.000000 928.901917 0.000000 0.900227 0.000000 -0.435420 0.408008 0.408008 0.408008
5593.534668 0.000000 913.312012 0.000000 0.853820 0.000000 -0.520569 0.409596 0.409596 0.409596
5597.510254 0.000000 917.812927 0.000000 0.894788 0.000000 -0.446492 0.408181 0.408181 0.408181
5588.561035 0.000000 954.515381 0.000000 0.643349 0.000000 -0.765573 0.415978 0.415978 0.415978
5616.056641 0.000000 954.956848 0.000000 0.635212 0.000000 -0.772338 0.415511 0.415511 0.415511
5595.430664 0.000000 944.384644 0.000000 0.752964 0.000000 -0.658062 0.413162 0.413162 0.413162
5611.584473 0.000000 942.824951 0.000000 0.695613 0.000000 -0.718416 0.415128 0.415128 0.415128
5618.163574 0.000000 950.725647 0.000000 0.880473 0.000000 -0.474097 0.409125 0.409125 0.409125
5623.338379 0.000000 936.274231 0.000000 0.936085 0.000000 -0.351774 0.406820 0.406820 0.406820
5597.817383 0.000000 943.629456 0.000000 0.656497 0.000000 -0.754328 0.416472 0.416472 0.416472
5603.061035 0.000000 959.066895 0.000000 0.937874 0.000000 -0.346976 0.406334 0.406334 0.406334
5596.472656 0.000000 949.266174 0.000000 0.702971 0.000000 -0.711218 0.415526 0.415526 0.415526
5597.995605 0.000000 928.316223 0.000000 0.653506 0.000000 -0.756922 0.416634 0.416634 0.416634
5598.868164 0.000000 924.492249 0.000000 0.798538 0.000000 -0.601944 0.412385 0.412385 0.412385
5593.752441 0.000000 960.127197 0.000000 0.843801 0.000000 -0.536656 0.411229 0.411229 0.411229
5612.416992 0.000000 948.753540 0.000000 0.741126 0.000000 -0.671366 0.414333 0.414333 0.414333
5628.871582 0.000000 932.944824 0.000000 0.671197 0.000000 -0.741279 0.415009 0.415009 0.415009
5613.710938 0.000000 954.949219 0.000000 0.905941 0.000000 -0.423403 0.408579 0.408579 0.408579
5614.588379 0.000000 947.531311 0.000000 0.836366 0.000000 -0.548172 0.411124 0.411124 0.411124
5599.371094 0.000000 958.811340 0.000000 0.859797 0.000000 -0.510636 0.410008 0.410008 0.410008
5596.429199 0.000000 943.093445 0.000000 0.887156 0.000000 -0.461471 0.409245 0.409245 0.409245
5599.121582 0.000000 935.010254 0.000000 0.837686 0.000000 -0.546152 0.411539 0.411539 0.411539
5610.410156 0.000000 944.785767 0.000000 0.822124 0.000000 -0.569309 0.411492 0.411492 0.411492
5608.134277 0.000000 948.340454 0.000000 0.649750 0.000000 -0.760148 0.417290 0.417290 0.417290
5626.145020 0.000000 948.894165 0.000000 0.623017 0.000000 -0.782209 0.416997 0.416997 0.416997
5586.479492 0.000000 950.393494 0.000000 0.910126 0.000000 -0.414332 0.407828 0.407828 0.407828
5614.525879 0.000000 931.478210 0.000000 0.659941 0.000000 -0.751317 0.415959 0.415959 0.415959
5603.980469 0.000000 951.543518 0.000000 0.940617 0.000000 -0.339470 0.406416 0.406416 0.406416
5611.550781 0.000000 953.457275 0.000000 0.948264 0.000000 -0.317482 0.406194 0.406194 0.406194
5612.563965 0.000000 943.469849 0.000000 0.685217 0.000000 -0.728338 0.415807 0.415807 0.415807
5600.590820 0.000000 930.890930 0.000000 0.897971 0.000000 -0.440054 0.409078 0.409078 0.409078
5592.413086 0.000000 957.168274 0.000000 0.627314 0.000000 -0.778766 0.417428 0.417428 0.417428
5605.454590 0.000000 932.933899 0.000000 0.823904 0.000000 -0.566729 0.411793 0.411793 0.411793
5608.188477 0.000000 941.093079 0.000000 0.616953 0.000000 -0.787000 0.417551 0.417551 0.417551
5594.614258 0.000000 947.393494 0.000000 0.723336 0.000000 -0.690496 0.414195 0.414195 0.414195
5625.484375 0.000000 944.765869 0.000000 0.636000 0.000000 -0.771689 0.417429 0.417429 0.417429
5605.261230 0.000000 953.131653 0.000000 0.919218 0.000000 -0.393749 0.408103 0.408103 0.408103
5605.645508 0.000000 939.529907 0.000000 0.748324 0.000000 -0.663333 0.414485 0.414485 0.414485
5623.038086 0.000000 951.750061 0.000000 0.915457 0.000000 -0.402417 0.407693 0.407693 0.407693
5630.141113 0.000000 950.618225 0.000000 0.645889 0.000000 -0.763431 0.416698 0.416698 0.416698
5600.724121 0.000000 926.166321 0.000000 0.719523 0.000000 -0.694469 0.414872 0.414872 0.414872
5625.725098 0.000000 936.252625 0.000000 0.839305 0.000000 -0.543661 0.411021 0.411021 0.411021
5615.144043 0.000000 941.474609 0.000000 0.843238 0.000000 -0.537540 0.410938 0.410938 0.410938
5597.641113 0.000000 949.505981 0.000000 0.895447 0.000000 -0.445168 0.409053 0.409053 0.409053
5624.073242 0.000000 943.188660 0.000000 0.810901 0.000000 -0.585183 0.411736 0.411736 0.411736
5608.466309 0.000000 937.287476 0.000000 0.589706 0.000000 -0.807618 0.417931 0.417931 0.417931
5620.024414 0.000000 944.069885 0.000000 0.905538 0.000000 -0.424265 0.408532 0.408532 0.408532
5618.699707 0.000000 934.802917 0.000000 0.609747 0.000000 -0.792596 0.417773 0.417773 0.417773
5600.789062 0.000000 956.870178 0.000000 0.912720 0.000000 -0.408585 0.408049 0.408049 0.408049
5618.101562 0.000000 936.694763 0.000000 0.853744 0.000000 -0.520693 0.410501 0.410501 0.410501
5609.344238 0.000000 953.177856 0.000000 0.753800 0.000000 -0.657103 0.413747 0.413747 0.413747
5594.731934 0.000000 927.342896 0.000000 0.655526 0.000000 -0.755173 0.417095 0.417095 0.417095
5605.165527 0.000000 941.792786 0.000000 0.600967 0.000000 -0.799274 0.418681 0.418681 0.418681
5594.823242 0.000000 953.470154 0.000000 0.916121 0.000000 -0.400902 0.408033 0.408033 0.408033
5602.886719 0.000000 946.423035 0.000000 0.677027 0.000000 -0.735958 0.416395 0.416395 0.416395
5602.564453 0.000000 929.729858 0.000000 0.937999 0.000000 -0.346639 0.407052 0.407052 0.407052
5601.560059 0.000000 932.756470 0.000000 0.760643 0.000000 -0.649170 0.414005 0.414005 0.414005
5618.077148 0.000000 932.525696 0.000000 0.628329 0.000000 -0.777948 0.417581 0.417581 0.417581
5598.405762 0.000000 941.989868 0.000000 0.897055 0.000000 -0.441918 0.409074 0.409074 0.409074
5615.447754 0.000000 972.920044 0.000000 0.619170 0.000000 -0.785257 0.412716 0.412716 0.412716
5598.652344 0.000000 972.319763 0.000000 0.750831 0.000000 -0.660494 0.411059 0.411059 0.411059
5614.421387 0.000000 969.281494 0.000000 0.804477 0.000000 -0.593984 0.410353 0.410353 0.410353
5617.096680 0.000000 967.927856 0.000000 0.760558 0.000000 -0.649270 0.412278 0.412278 0.412278
5615.546387 0.000000 966.581787 0.000000 0.807867 0.000000 -0.589365 0.410952 0.410952 0.410952
5595.442383 0.000000 968.657227 0.000000 0.793875 0.000000 -0.608081 0.411488 0.411488 0.411488
5617.067871 0.000000 964.763306 0.000000 0.906594 0.000000 -0.422003 0.408070 0.408070 0.408070
5608.923828 0.000000 966.932495 0.000000 0.744110 0.000000 -0.668057 0.413260 0.413260 0.413260
5608.114258 0.000000 962.789734 0.000000 0.907571 0.000000 -0.419899 0.408698 0.408698 0.408698
5586.265625 0.000000 962.942993 0.000000 0.913898 0.000000 -0.405945 0.408307 0.408307 0.408307
5611.013184 0.000000 961.444641 0.000000 0.659005 0.000000 -0.752138 0.416237 0.416237 0.416237
5619.716797 0.000000 962.486511 0.000000 0.779911 0.000000 -0.625891 0.412933 0.412933 0.412933
5594.454102 0.000000 961.248413 0.000000 0.688938 0.000000 -0.724820 0.416031 0.416031 0.416031
5591.045898 0.000000 961.868286 0.000000 0.885301 0.000000 -0.465018 0.409346 0.409346 0.409346
5655.348633 0.000000 956.748474 0.000000 0.877987 0.000000 -0.478685 0.407327 0.407327 0.407327
5642.663574 0.000000 958.334961 0.000000 0.655659 0.000000 -0.755057 0.413545 0.413545 0.413545
5651.881836 0.000000 942.287537 0.000000 0.892392 0.000000 -0.451262 0.407691 0.407691 0.407691
5656.891602 0.000000 950.105103 0.000000 0.664170 0.000000 -0.747581 0.412902 0.412902 0.412902
5639.546875 0.000000 935.054810 0.000000 0.902243 0.000000 -0.431228 0.406946 0.406946 0.406946
5650.010742 0.000000 954.283081 0.000000 0.890917 0.000000 -0.454166 0.408050 0.408050 0.408050
5641.880371 0.000000 937.268555 0.000000 0.827543 0.000000 -0.561402 0.409554 0.409554 0.409554
5645.796875 0.000000 942.762817 0.000000 0.824554 0.000000 -0.565784 0.410870 0.410870 0.410870
5649.052246 0.000000 946.554565 0.000000 0.937008 0.000000 -0.349309 0.406735 0.406735 0.406735
5643.042480 0.000000 944.781921 0.000000 0.861796 0.000000 -0.507255 0.410360 0.410360 0.410360
5641.122070 0.000000 950.811646 0.000000 0.682273 0.000000 -0.731097 0.416458 0.416458 0.416458
5638.282227 0.000000 949.804443 0.000000 0.758560 0.000000 -0.651603 0.413997 0.413997 0.413997
5639.968750 0.000000 944.703247 0.000000 0.705055 0.000000 -0.709152 0.415469 0.415469 0.415469
5634.422363 0.000000 942.748230 0.000000 0.618082 0.000000 -0.786114 0.417749 0.417749 0.417749
5667.200195 0.000000 1029.515747 0.000000 0.752623 0.000000 -0.658452 0.409869 0.409869 0.409869
5677.537598 0.000000 1057.108398 0.000000 0.826046 0.000000 -0.563602 0.409178 0.409178 0.409178
5665.433594 0.000000 1052.522339 0.000000 0.603228 0.000000 -0.797569 0.413876 0.413876 0.413876
5667.030762 0.000000 1040.613159 0.000000 0.938445 0.000000 -0.345429 0.405759 0.405759 0.405759
5680.316895 0.000000 1058.450073 0.000000 0.688972 0.000000 -0.724788 0.414006 0.414006 0.414006
5687.533691 0.000000 1070.674316 0.000000 0.947165 0.000000 -0.320746 0.406049 0.406049 0.406049
5689.571289 0.000000 1056.574585 0.000000 0.815064 0.000000 -0.579371 0.411663 0.411663 0.411663
5692.561035 0.000000 1036.222656 0.000000 0.878628 0.000000 -0.477508 0.409719 0.409719 0.409719
5695.022461 0.000000 1029.166748 0.000000 0.776262 0.000000 -0.630411 0.413521 0.413521 0.413521
5668.375977 0.000000 1053.983521 0.000000 0.783399 0.000000 -0.621520 0.413596 0.413596 0.413596
5660.799316 0.000000 1049.238525 0.000000 0.760941 0.000000 -0.648821 0.415864 0.415864 0.415864
5665.751465 0.000000 1056.695435 0.000000 0.912642 0.000000 -0.408760 0.410029 0.410029 0.410029
5692.832520 0.000000 1050.056763 0.000000 0.736113 0.000000 -0.676859 0.416408 0.416408 0.416408
5661.189453 0.000000 1053.638428 0.000000 0.896421 0.000000 -0.443203 0.410844 0.410844 0.410844
5689.561523 0.000000 1070.565674 0.000000 0.895148 0.000000 -0.445769 0.410428 0.410428 0.410428
5686.158691 0.000000 1062.347412 0.000000 0.807003 0.000000 -0.590547 0.414163 0.414163 0.414163
5663.192383 0.000000 1034.312866 0.000000 0.877659 0.000000 -0.479286 0.410732 0.410732 0.410732
5690.115723 0.000000 1054.917114 0.000000 0.936265 0.000000 -0.351296 0.409141 0.409141 0.409141
5691.334961 0.000000 1033.989380 0.000000 0.832436 0.000000 -0.554121 0.413577 0.413577 0.413577
5661.719238 0.000000 1028.996948 0.000000 0.833121 0.000000 -0.553091 0.413051 0.413051 0.413051
5672.383789 0.000000 1053.038452 0.000000 0.939977 0.000000 -0.341237 0.408433 0.408433 0.408433
5692.310547 0.000000 1068.801880 0.000000 0.631757 0.000000 -0.775166 0.422587 0.422587 0.422587
5667.731445 0.000000 1047.768188 0.000000 0.761827 0.000000 -0.647781 0.417944 0.417944 0.417944
5693.693848 0.000000 1046.261597 0.000000 0.864707 0.000000 -0.502277 0.412743 0.412743 0.412743
5690.250488 0.000000 1054.097900 0.000000 0.931176 0.000000 -0.364569 0.409503 0.409503 0.409503
5695.019043 0.000000 1069.577393 0.000000 0.893346 0.000000 -0.449369 0.411868 0.411868 0.411868
5692.852539 0.000000 1064.443115 0.000000 0.929188 0.000000 -0.369608 0.409641 0.409641 0.409641
5681.677246 0.000000 1061.841309 0.000000 0.654888 0.000000 -0.755726 0.421817 0.421817 0.421817
5698.681152 0.000000 1038.937256 0.000000 0.731748 0.000000 -0.681575 0.411832 0.411832 0.411832
5726.405762 0.000000 1054.958618 0.000000 0.838528 0.000000 -0.544858 0.414673 0.414673 0.414673
5718.826172 0.000000 1067.267822 0.000000 0.711349 0.000000 -0.702839 0.417356 0.417356 0.417356
5696.599609 0.000000 1044.272827 0.000000 0.928237 0.000000 -0.371990 0.409706 0.409706 0.409706
5728.250977 0.000000 1057.926514 0.000000 0.600869 0.000000 -0.799348 0.423586 0.423586 0.423586
5724.200684 0.000000 1064.014038 0.000000 0.822389 0.000000 -0.568926 0.415411 0.415411 0.415411
5722.441895 0.000000 1056.430542 0.000000 0.648641 0.000000 -0.761095 0.422027 0.422027 0.422027
5728.896973 0.000000 1056.619751 0.000000 0.695351 0.000000 -0.718670 0.420420 0.420420 0.420420
5700.695312 0.000000 1032.456543 0.000000 0.848498 0.000000 -0.529199 0.413337 0.413337 0.413337
5725.374512 0.000000 1067.544922 0.000000 0.867839 0.000000 -0.496845 0.413241 0.413241 0.413241
5717.166016 0.000000 1071.766602 0.000000 0.632955 0.000000 -0.774189 0.422547 0.422547 0.422547
5703.630371 0.000000 1031.775024 0.000000 0.762218 0.000000 -0.647320 0.416980 0.416980 0.416980
5729.844727 0.000000 1058.206177 0.000000 0.940418 0.000000 -0.340019 0.408835 0.408835 0.408835
5726.002930 0.000000 1059.342651 0.000000 0.693961 0.000000 -0.720012 0.420469 0.420469 0.420469
5726.807129 0.000000 1064.954224 0.000000 0.713191 0.000000 -0.700970 0.419780 0.419780 0.419780
5695.169434 0.000000 1090.080811 0.000000 0.940200 0.000000 -0.340623 0.405554 0.405554 0.405554
5687.173828 0.000000 1076.250854 0.000000 0.848680 0.000000 -0.528907 0.411938 0.411938 0.411938
5664.543945 0.000000 1079.202393 0.000000 0.685311 0.000000 -0.728251 0.418044 0.418044 0.418044
5660.598633 0.000000 1091.862427 0.000000 0.886893 0.000000 -0.461976 0.411989 0.411989 0.411989
5661.031738 0.000000 1090.318970 0.000000 0.881003 0.000000 -0.473111 0.412303 0.412303 0.412303
5691.349609 0.000000 1084.036011 0.000000 0.778831 0.000000 -0.627233 0.417265 0.417265 0.417265
5691.592773 0.000000 1079.735107 0.000000 0.763523 0.000000 -0.645780 0.417877 0.417877 0.417877
5692.507812 0.000000 1079.768555 0.000000 0.703618 0.000000 -0.710578 0.420125 0.420125 0.420125
5721.304688 0.000000 1074.196777 0.000000 0.891073 0.000000 -0.453861 0.407127 0.407127 0.407127
5713.288086 0.000000 1078.284424 0.000000 0.809881 0.000000 -0.586594 0.409828 0.409828 0.409828
5702.565430 0.000000 1079.354370 0.000000 0.596298 0.000000 -0.802763 0.419311 0.419311 0.419311
5699.858398 0.000000 1087.977539 0.000000 0.950897 0.000000 -0.309508 0.406521 0.406521 0.406521
5701.444336 0.000000 1082.433838 0.000000 0.948795 0.000000 -0.315891 0.407270 0.407270 0.407270
5698.182129 0.000000 1085.878784 0.000000 0.919146 0.000000 -0.393917 0.409684 0.409684 0.409684
5696.720215 0.000000 1085.952393 0.000000 0.680252 0.000000 -0.732979 0.420950 0.420950 0.420950
5717.584961 0.000000 1073.425293 0.000000 0.885381 0.000000 -0.464866 0.412312 0.412312 0.412312
"}
object={
	name="oak_dense_generator_3_4"
	clamp_to_water_level=no
	render_under_water=no
	generated_content=yes
	layer="semidynamic_high"
	pdxmesh="oak_tree_dense_01_mesh"
	count=156
	transform="5580.112305 0.000000 918.656738 0.000000 0.494303 0.000000 -0.869290 0.414469 0.414469 0.414469
5599.632324 0.000000 914.418823 0.000000 0.171098 0.000000 -0.985254 0.422700 0.422700 0.422700
5624.710938 0.000000 927.581543 0.000000 0.529879 0.000000 -0.848073 0.415771 0.415771 0.415771
5627.964844 0.000000 955.051819 0.000000 0.407896 0.000000 -0.913028 0.418615 0.418615 0.418615
5602.977539 0.000000 918.249451 0.000000 0.217115 0.000000 -0.976146 0.421196 0.421196 0.421196
5617.393555 0.000000 927.580566 0.000000 0.383794 0.000000 -0.923419 0.419451 0.419451 0.419451
5588.575195 0.000000 922.254028 0.000000 0.523685 0.000000 -0.851912 0.417870 0.417870 0.417870
5590.404297 0.000000 929.365295 0.000000 0.054518 0.000000 -0.998513 0.426801 0.426801 0.426801
5588.063965 0.000000 944.624268 0.000000 0.515021 0.000000 -0.857178 0.418973 0.418973 0.418973
5588.600586 0.000000 914.771973 0.000000 0.065450 0.000000 -0.997856 0.426607 0.426607 0.426607
5597.379395 0.000000 915.225403 0.000000 0.546583 0.000000 -0.837405 0.417147 0.417147 0.417147
5614.953613 0.000000 957.149536 0.000000 0.401317 0.000000 -0.915939 0.421159 0.421159 0.421159
5589.230957 0.000000 942.262451 0.000000 0.235271 0.000000 -0.971930 0.423101 0.423101 0.423101
5591.724609 0.000000 930.879456 0.000000 0.373780 0.000000 -0.927517 0.420638 0.420638 0.420638
5614.744141 0.000000 929.403503 0.000000 0.370763 0.000000 -0.928728 0.421051 0.421051 0.421051
5595.559082 0.000000 939.639343 0.000000 0.498326 0.000000 -0.866989 0.419277 0.419277 0.419277
5618.249023 0.000000 953.430054 0.000000 0.302274 0.000000 -0.953221 0.421895 0.421895 0.421895
5614.797363 0.000000 955.553101 0.000000 0.282694 0.000000 -0.959210 0.423917 0.423917 0.423917
5614.269531 0.000000 939.051636 0.000000 0.241822 0.000000 -0.970321 0.424971 0.424971 0.424971
5616.896973 0.000000 951.360474 0.000000 0.565266 0.000000 -0.824909 0.418018 0.418018 0.418018
5620.147949 0.000000 958.912231 0.000000 0.000961 0.000000 -1.000000 0.427904 0.427904 0.427904
5604.170898 0.000000 958.146606 0.000000 0.296093 0.000000 -0.955159 0.422895 0.422895 0.422895
5594.203125 0.000000 936.355835 0.000000 0.227891 0.000000 -0.973687 0.424906 0.424906 0.424906
5601.498047 0.000000 951.964783 0.000000 0.586472 0.000000 -0.809969 0.417300 0.417300 0.417300
5607.639160 0.000000 930.823181 0.000000 0.119530 0.000000 -0.992831 0.427965 0.427965 0.427965
5630.710938 0.000000 941.976440 0.000000 0.063288 0.000000 -0.997995 0.429054 0.429054 0.429054
5598.762207 0.000000 925.918640 0.000000 0.334151 0.000000 -0.942520 0.423585 0.423585 0.423585
5625.239746 0.000000 947.079285 0.000000 0.008514 0.000000 -0.999964 0.430266 0.430266 0.430266
5623.950684 0.000000 941.934021 0.000000 0.215219 0.000000 -0.976566 0.425553 0.425553 0.425553
5613.494141 0.000000 945.390381 0.000000 0.047465 0.000000 -0.998873 0.428066 0.428066 0.428066
5587.222656 0.000000 945.583069 0.000000 0.246806 0.000000 -0.969065 0.423687 0.423687 0.423687
5596.419922 0.000000 935.292908 0.000000 0.565130 0.000000 -0.825002 0.419232 0.419232 0.419232
5619.609375 0.000000 933.916260 0.000000 0.579188 0.000000 -0.815194 0.418797 0.418797 0.418797
5602.421875 0.000000 940.241882 0.000000 0.078448 0.000000 -0.996918 0.429357 0.429357 0.429357
5606.706543 0.000000 949.086243 0.000000 0.402358 0.000000 -0.915482 0.421947 0.421947 0.421947
5622.847168 0.000000 946.611938 0.000000 0.132514 0.000000 -0.991181 0.428216 0.428216 0.428216
5595.313477 0.000000 951.383484 0.000000 0.240603 0.000000 -0.970624 0.425459 0.425459 0.425459
5597.463379 0.000000 929.825989 0.000000 0.515992 0.000000 -0.856594 0.419928 0.419928 0.419928
5592.429199 0.000000 927.683472 0.000000 0.243455 0.000000 -0.969912 0.425204 0.425204 0.425204
5594.672852 0.000000 942.025391 0.000000 0.068696 0.000000 -0.997638 0.427299 0.427299 0.427299
5602.942871 0.000000 942.184875 0.000000 0.290302 0.000000 -0.956935 0.424725 0.424725 0.424725
5594.768555 0.000000 918.682312 0.000000 0.455267 0.000000 -0.890355 0.420945 0.420945 0.420945
5595.824219 0.000000 916.611511 0.000000 0.001040 0.000000 -0.999999 0.429392 0.429392 0.429392
5612.773926 0.000000 939.673096 0.000000 0.151449 0.000000 -0.988465 0.426707 0.426707 0.426707
5591.105469 0.000000 947.933350 0.000000 0.277490 0.000000 -0.960729 0.424598 0.424598 0.424598
5616.564941 0.000000 938.343018 0.000000 0.451049 0.000000 -0.892499 0.421256 0.421256 0.421256
5629.398438 0.000000 946.562927 0.000000 0.124038 0.000000 -0.992277 0.428528 0.428528 0.428528
5594.586914 0.000000 935.275330 0.000000 0.021012 0.000000 -0.999779 0.429173 0.429173 0.429173
5594.378418 0.000000 954.423828 0.000000 0.344066 0.000000 -0.938945 0.424236 0.424236 0.424236
5599.222656 0.000000 957.584534 0.000000 0.325052 0.000000 -0.945696 0.424327 0.424327 0.424327
5595.859375 0.000000 918.895203 0.000000 0.409680 0.000000 -0.912229 0.421910 0.421910 0.421910
5620.629395 0.000000 945.950134 0.000000 0.125407 0.000000 -0.992105 0.428140 0.428140 0.428140
5593.549805 0.000000 958.636963 0.000000 0.104310 0.000000 -0.994545 0.427968 0.427968 0.427968
5597.720703 0.000000 926.333252 0.000000 0.174246 0.000000 -0.984702 0.427387 0.427387 0.427387
5623.349609 0.000000 944.220032 0.000000 0.312077 0.000000 -0.950057 0.424971 0.424971 0.424971
5596.950195 0.000000 951.614868 0.000000 0.046022 0.000000 -0.998940 0.430301 0.430301 0.430301
5594.685059 0.000000 933.347656 0.000000 0.561210 0.000000 -0.827674 0.418596 0.418596 0.418596
5605.641602 0.000000 931.032532 0.000000 0.577684 0.000000 -0.816261 0.419119 0.419119 0.419119
5591.599609 0.000000 950.636719 0.000000 0.441678 0.000000 -0.897174 0.422180 0.422180 0.422180
5601.875488 0.000000 938.512756 0.000000 0.465308 0.000000 -0.885149 0.421706 0.421706 0.421706
5603.216309 0.000000 928.680420 0.000000 0.299089 0.000000 -0.954225 0.425243 0.425243 0.425243
5594.147949 0.000000 928.295532 0.000000 0.489737 0.000000 -0.871870 0.421045 0.421045 0.421045
5616.273926 0.000000 933.025574 0.000000 0.065741 0.000000 -0.997837 0.429908 0.429908 0.429908
5602.961426 0.000000 952.931152 0.000000 0.204560 0.000000 -0.978854 0.426781 0.426781 0.426781
5592.788574 0.000000 917.862305 0.000000 0.014795 0.000000 -0.999891 0.430611 0.430611 0.430611
5596.799316 0.000000 936.269775 0.000000 0.551797 0.000000 -0.833978 0.419452 0.419452 0.419452
5596.664062 0.000000 956.292664 0.000000 0.073843 0.000000 -0.997270 0.430121 0.430121 0.430121
5598.816895 0.000000 974.672180 0.000000 0.371443 0.000000 -0.928456 0.416878 0.416878 0.416878
5589.918945 0.000000 971.741760 0.000000 0.003945 0.000000 -0.999992 0.425191 0.425191 0.425191
5623.353516 0.000000 967.378174 0.000000 0.334449 0.000000 -0.942414 0.419649 0.419649 0.419649
5598.425293 0.000000 967.118713 0.000000 0.507744 0.000000 -0.861508 0.419336 0.419336 0.419336
5587.737305 0.000000 966.716064 0.000000 0.516706 0.000000 -0.856163 0.418629 0.418629 0.418629
5603.792969 0.000000 961.210938 0.000000 0.461968 0.000000 -0.886897 0.420638 0.420638 0.420638
5584.053223 0.000000 965.594727 0.000000 0.419138 0.000000 -0.907922 0.421143 0.421143 0.421143
5592.484375 0.000000 960.245483 0.000000 0.402633 0.000000 -0.915361 0.422923 0.422923 0.422923
5618.000000 0.000000 963.542297 0.000000 0.113040 0.000000 -0.993590 0.427873 0.427873 0.427873
5605.606445 0.000000 963.153748 0.000000 0.585571 0.000000 -0.810621 0.418595 0.418595 0.418595
5619.501953 0.000000 960.301270 0.000000 0.156555 0.000000 -0.987669 0.427245 0.427245 0.427245
5609.191895 0.000000 962.680420 0.000000 0.484193 0.000000 -0.874961 0.421384 0.421384 0.421384
5615.757812 0.000000 962.999634 0.000000 0.474446 0.000000 -0.880285 0.421177 0.421177 0.421177
5603.282715 0.000000 964.770630 0.000000 0.128365 0.000000 -0.991727 0.428514 0.428514 0.428514
5659.698730 0.000000 950.249329 0.000000 0.553465 0.000000 -0.832872 0.413908 0.413908 0.413908
5636.483887 0.000000 933.498718 0.000000 0.281664 0.000000 -0.959513 0.419637 0.419637 0.419637
5656.204102 0.000000 948.277527 0.000000 0.229517 0.000000 -0.973305 0.420462 0.420462 0.420462
5652.196289 0.000000 952.512329 0.000000 0.206416 0.000000 -0.978464 0.423273 0.423273 0.423273
5644.607910 0.000000 940.685608 0.000000 0.361916 0.000000 -0.932211 0.420440 0.420440 0.420440
5632.328125 0.000000 952.218384 0.000000 0.214261 0.000000 -0.976776 0.425233 0.425233 0.425233
5637.108887 0.000000 953.382629 0.000000 0.348271 0.000000 -0.937394 0.422084 0.422084 0.422084
5633.950684 0.000000 943.724426 0.000000 0.383658 0.000000 -0.923475 0.422333 0.422333 0.422333
5645.130371 0.000000 945.926147 0.000000 0.104557 0.000000 -0.994519 0.427963 0.427963 0.427963
5653.902344 0.000000 949.236389 0.000000 0.283200 0.000000 -0.959061 0.422497 0.422497 0.422497
5637.217285 0.000000 951.899048 0.000000 0.138030 0.000000 -0.990428 0.427534 0.427534 0.427534
5636.470703 0.000000 938.739136 0.000000 0.265961 0.000000 -0.963984 0.423591 0.423591 0.423591
5636.561035 0.000000 950.031555 0.000000 0.259275 0.000000 -0.965804 0.425154 0.425154 0.425154
5644.862793 0.000000 948.412354 0.000000 0.324346 0.000000 -0.945938 0.423660 0.423660 0.423660
5633.237793 0.000000 940.072021 0.000000 0.482964 0.000000 -0.875640 0.421199 0.421199 0.421199
5636.465332 0.000000 942.539673 0.000000 0.190751 0.000000 -0.981639 0.427677 0.427677 0.427677
5644.307617 0.000000 944.510498 0.000000 0.489483 0.000000 -0.872013 0.420205 0.420205 0.420205
5690.561523 0.000000 1048.478027 0.000000 0.164647 0.000000 -0.986353 0.420771 0.420771 0.420771
5671.039551 0.000000 1056.880371 0.000000 0.128641 0.000000 -0.991691 0.421597 0.421597 0.421597
5664.863281 0.000000 1037.543457 0.000000 0.541941 0.000000 -0.840416 0.419335 0.419335 0.419335
5693.613770 0.000000 1043.289917 0.000000 0.530587 0.000000 -0.847631 0.420404 0.420404 0.420404
5658.905273 0.000000 1050.292114 0.000000 0.514818 0.000000 -0.857299 0.419543 0.419543 0.419543
5672.788086 0.000000 1056.106201 0.000000 0.470795 0.000000 -0.882243 0.422553 0.422553 0.422553
5666.564453 0.000000 1042.698608 0.000000 0.193428 0.000000 -0.981114 0.428516 0.428516 0.428516
5695.578613 0.000000 1042.501221 0.000000 0.128420 0.000000 -0.991720 0.436721 0.436721 0.436721
5692.959961 0.000000 1047.972778 0.000000 0.242380 0.000000 -0.970181 0.432111 0.432111 0.432111
5671.420898 0.000000 1048.222412 0.000000 0.555701 0.000000 -0.831382 0.420830 0.420830 0.420830
5695.352051 0.000000 1038.412598 0.000000 0.555196 0.000000 -0.831720 0.420696 0.420696 0.420696
5667.876465 0.000000 1045.224854 0.000000 0.397803 0.000000 -0.917471 0.429582 0.429582 0.429582
5694.947754 0.000000 1050.370483 0.000000 0.326139 0.000000 -0.945322 0.425480 0.425480 0.425480
5690.613770 0.000000 1069.677979 0.000000 0.114434 0.000000 -0.993431 0.437080 0.437080 0.437080
5669.324707 0.000000 1046.892822 0.000000 0.145310 0.000000 -0.989386 0.436287 0.436287 0.436287
5663.132324 0.000000 1035.326172 0.000000 0.136254 0.000000 -0.990674 0.430791 0.430791 0.430791
5664.556641 0.000000 1040.407837 0.000000 0.558099 0.000000 -0.829774 0.423994 0.423994 0.423994
5668.431152 0.000000 1048.418945 0.000000 0.225106 0.000000 -0.974334 0.434218 0.434218 0.434218
5694.619629 0.000000 1045.120728 0.000000 0.491610 0.000000 -0.870816 0.426913 0.426913 0.426913
5691.550293 0.000000 1067.302002 0.000000 0.063927 0.000000 -0.997955 0.436716 0.436716 0.436716
5695.328613 0.000000 1047.725342 0.000000 0.132013 0.000000 -0.991248 0.436628 0.436628 0.436628
5680.264648 0.000000 1063.245483 0.000000 0.333919 0.000000 -0.942602 0.431330 0.431330 0.431330
5694.886719 0.000000 1061.975830 0.000000 0.471337 0.000000 -0.881953 0.427502 0.427502 0.427502
5720.891602 0.000000 1063.073853 0.000000 0.025734 0.000000 -0.999669 0.424455 0.424455 0.424455
5727.082031 0.000000 1052.866455 0.000000 0.358222 0.000000 -0.933637 0.422492 0.422492 0.422492
5698.595215 0.000000 1044.354980 0.000000 0.536113 0.000000 -0.844147 0.419369 0.419369 0.419369
5729.109375 0.000000 1058.423706 0.000000 0.397848 0.000000 -0.917451 0.429581 0.429581 0.429581
5705.038086 0.000000 1028.503296 0.000000 0.315350 0.000000 -0.948976 0.427586 0.427586 0.427586
5728.517578 0.000000 1062.245605 0.000000 0.092186 0.000000 -0.995742 0.433220 0.433220 0.433220
5716.250488 0.000000 1068.320435 0.000000 0.271412 0.000000 -0.962463 0.428601 0.428601 0.428601
5727.487793 0.000000 1058.569214 0.000000 0.259799 0.000000 -0.965663 0.433307 0.433307 0.433307
5729.092285 0.000000 1059.322754 0.000000 0.436988 0.000000 -0.899467 0.428484 0.428484 0.428484
5725.715332 0.000000 1068.599365 0.000000 0.579443 0.000000 -0.815013 0.422406 0.422406 0.422406
5726.100586 0.000000 1065.770874 0.000000 0.012678 0.000000 -0.999920 0.439677 0.439677 0.439677
5709.307617 0.000000 1068.266479 0.000000 0.096174 0.000000 -0.995365 0.437547 0.437547 0.437547
5707.041504 0.000000 1064.226318 0.000000 0.128807 0.000000 -0.991670 0.436711 0.436711 0.436711
5731.322754 0.000000 1055.864380 0.000000 0.195087 0.000000 -0.980786 0.435000 0.435000 0.435000
5662.952637 0.000000 1092.715454 0.000000 0.275752 0.000000 -0.961229 0.417926 0.417926 0.417926
5662.190918 0.000000 1110.256958 0.000000 0.585748 0.000000 -0.810493 0.414722 0.414722 0.414722
5663.082031 0.000000 1109.350830 0.000000 0.441921 0.000000 -0.897054 0.421286 0.421286 0.421286
5666.942871 0.000000 1111.637939 0.000000 0.111324 0.000000 -0.993784 0.428780 0.428780 0.428780
5669.645508 0.000000 1108.983032 0.000000 0.086526 0.000000 -0.996250 0.427864 0.427864 0.427864
5663.664551 0.000000 1084.922241 0.000000 0.441711 0.000000 -0.897157 0.421401 0.421401 0.421401
5668.909180 0.000000 1107.176270 0.000000 0.487181 0.000000 -0.873301 0.424656 0.424656 0.424656
5660.162598 0.000000 1090.658936 0.000000 0.468669 0.000000 -0.883374 0.427038 0.427038 0.427038
5689.008789 0.000000 1075.655884 0.000000 0.185676 0.000000 -0.982611 0.434000 0.434000 0.434000
5694.091797 0.000000 1087.376221 0.000000 0.543935 0.000000 -0.839127 0.423714 0.423714 0.423714
5691.573242 0.000000 1081.384521 0.000000 0.065020 0.000000 -0.997884 0.438343 0.438343 0.438343
5690.718750 0.000000 1075.027344 0.000000 0.351718 0.000000 -0.936106 0.430848 0.430848 0.430848
5716.179199 0.000000 1074.480225 0.000000 0.010981 0.000000 -0.999940 0.428272 0.428272 0.428272
5708.269531 0.000000 1081.060791 0.000000 0.530009 0.000000 -0.847992 0.420216 0.420216 0.420216
5698.627930 0.000000 1087.750122 0.000000 0.331484 0.000000 -0.943461 0.425548 0.425548 0.425548
5702.207520 0.000000 1077.390381 0.000000 0.477260 0.000000 -0.878762 0.424329 0.424329 0.424329
5713.756836 0.000000 1075.069580 0.000000 0.433435 0.000000 -0.901185 0.426006 0.426006 0.426006
5698.186523 0.000000 1083.068604 0.000000 0.463873 0.000000 -0.885902 0.427717 0.427717 0.427717
5699.832031 0.000000 1083.254272 0.000000 0.093270 0.000000 -0.995641 0.437621 0.437621 0.437621
5699.840820 0.000000 1082.368530 0.000000 0.379147 0.000000 -0.925336 0.430097 0.430097 0.430097
5716.084961 0.000000 1073.673950 0.000000 0.202495 0.000000 -0.979283 0.434808 0.434808 0.434808
"}
