object={
	name="oak_dense_generator_2_0"
	clamp_to_water_level=no
	render_under_water=no
	generated_content=yes
	layer="semidynamic_medium"
	pdxmesh="oak_tree_01_mesh"
	count=154
	transform="5399.339844 0.000000 766.704346 0.000000 0.094402 0.000000 0.995534 0.377887 0.377887 0.377887
5577.641113 0.000000 956.937866 0.000000 0.122995 0.000000 0.992407 0.380775 0.380775 0.380775
5593.661133 0.000000 906.816223 0.000000 0.395171 0.000000 0.918607 0.383603 0.383603 0.383603
5587.640625 0.000000 929.061768 0.000000 0.548177 0.000000 0.836362 0.384716 0.384716 0.384716
5627.305664 0.000000 953.528992 0.000000 0.458570 0.000000 0.888658 0.381311 0.381311 0.381311
5618.394043 0.000000 955.871765 0.000000 0.547511 0.000000 0.836799 0.383664 0.383664 0.383664
5606.819824 0.000000 956.001709 0.000000 0.475600 0.000000 0.879662 0.380674 0.380674 0.380674
5584.905273 0.000000 957.649414 0.000000 0.488760 0.000000 0.872418 0.382585 0.382585 0.382585
5589.008301 0.000000 932.855042 0.000000 0.493016 0.000000 0.870020 0.383245 0.383245 0.383245
5604.742188 0.000000 956.955200 0.000000 0.513911 0.000000 0.857843 0.381261 0.381261 0.381261
5613.839355 0.000000 930.435791 0.000000 0.347640 0.000000 0.937628 0.377236 0.377236 0.377236
5611.765137 0.000000 933.034302 0.000000 0.559784 0.000000 0.828639 0.381030 0.381030 0.381030
5584.310547 0.000000 951.345459 0.000000 0.332737 0.000000 0.943020 0.378784 0.378784 0.378784
5593.336426 0.000000 941.748291 0.000000 0.357849 0.000000 0.933779 0.379486 0.379486 0.379486
5625.001953 0.000000 939.182007 0.000000 0.351712 0.000000 0.936108 0.377862 0.377862 0.377862
5584.024902 0.000000 945.168579 0.000000 0.553226 0.000000 0.833031 0.383187 0.383187 0.383187
5609.936523 0.000000 956.846436 0.000000 0.112077 0.000000 0.993699 0.372473 0.372473 0.372473
5589.729980 0.000000 919.340088 0.000000 0.261722 0.000000 0.965143 0.376133 0.376133 0.376133
5602.559570 0.000000 936.955505 0.000000 0.405864 0.000000 0.913934 0.378011 0.378011 0.378011
5596.266602 0.000000 941.117188 0.000000 0.453808 0.000000 0.891100 0.378859 0.378859 0.378859
5620.777832 0.000000 936.698059 0.000000 0.282350 0.000000 0.959311 0.376076 0.376076 0.376076
5616.395508 0.000000 936.080994 0.000000 0.125664 0.000000 0.992073 0.371288 0.371288 0.371288
5606.078125 0.000000 945.379639 0.000000 0.409391 0.000000 0.912359 0.378830 0.378830 0.378830
5608.653320 0.000000 949.392578 0.000000 0.189036 0.000000 0.981970 0.372357 0.372357 0.372357
5590.025391 0.000000 946.044067 0.000000 0.501770 0.000000 0.865001 0.380065 0.380065 0.380065
5597.264648 0.000000 950.531189 0.000000 0.225312 0.000000 0.974287 0.373301 0.373301 0.373301
5618.908203 0.000000 942.515869 0.000000 0.015327 0.000000 0.999883 0.370099 0.370099 0.370099
5613.470215 0.000000 931.977051 0.000000 0.455478 0.000000 0.890247 0.379443 0.379443 0.379443
5599.732910 0.000000 956.566772 0.000000 0.192951 0.000000 0.981208 0.372987 0.372987 0.372987
5622.904297 0.000000 940.058289 0.000000 0.028034 0.000000 0.999607 0.370882 0.370882 0.370882
5603.500488 0.000000 931.334534 0.000000 0.261125 0.000000 0.965305 0.373839 0.373839 0.373839
5595.322754 0.000000 928.219971 0.000000 0.157099 0.000000 0.987583 0.371919 0.371919 0.371919
5622.203613 0.000000 944.080444 0.000000 0.376391 0.000000 0.926461 0.376394 0.376394 0.376394
5626.590332 0.000000 946.304443 0.000000 0.255884 0.000000 0.966708 0.373861 0.373861 0.373861
5600.754395 0.000000 954.251038 0.000000 0.324706 0.000000 0.945815 0.374985 0.374985 0.374985
5591.062012 0.000000 919.871704 0.000000 0.491879 0.000000 0.870664 0.379531 0.379531 0.379531
5608.074707 0.000000 936.082947 0.000000 0.212800 0.000000 0.977096 0.374129 0.374129 0.374129
5603.506348 0.000000 935.620117 0.000000 0.566302 0.000000 0.824198 0.380651 0.380651 0.380651
5609.033691 0.000000 945.186707 0.000000 0.021553 0.000000 0.999768 0.370992 0.370992 0.370992
5591.035156 0.000000 914.187134 0.000000 0.266153 0.000000 0.963931 0.376022 0.376022 0.376022
5600.813477 0.000000 947.255859 0.000000 0.435437 0.000000 0.900219 0.378185 0.378185 0.378185
5606.014160 0.000000 934.578674 0.000000 0.067767 0.000000 0.997701 0.370582 0.370582 0.370582
5611.248047 0.000000 950.947021 0.000000 0.063516 0.000000 0.997981 0.371628 0.371628 0.371628
5588.196289 0.000000 952.512329 0.000000 0.275687 0.000000 0.961248 0.375625 0.375625 0.375625
5626.093750 0.000000 934.186890 0.000000 0.510520 0.000000 0.859866 0.379897 0.379897 0.379897
5590.383789 0.000000 950.761841 0.000000 0.350111 0.000000 0.936708 0.375832 0.375832 0.375832
5602.937988 0.000000 934.255066 0.000000 0.489382 0.000000 0.872069 0.378841 0.378841 0.378841
5615.221680 0.000000 944.452271 0.000000 0.564459 0.000000 0.825461 0.381625 0.381625 0.381625
5608.459473 0.000000 933.269531 0.000000 0.128560 0.000000 0.991702 0.371706 0.371706 0.371706
5610.783691 0.000000 936.556274 0.000000 0.250325 0.000000 0.968162 0.374997 0.374997 0.374997
5630.147949 0.000000 948.704712 0.000000 0.404250 0.000000 0.914648 0.376881 0.376881 0.376881
5597.685059 0.000000 938.504700 0.000000 0.182217 0.000000 0.983258 0.372980 0.372980 0.372980
5594.914551 0.000000 955.453796 0.000000 0.046191 0.000000 0.998933 0.369703 0.369703 0.369703
5610.351562 0.000000 952.838379 0.000000 0.038695 0.000000 0.999251 0.370624 0.370624 0.370624
5599.443848 0.000000 941.861389 0.000000 0.540490 0.000000 0.841351 0.380182 0.380182 0.380182
5594.370605 0.000000 926.339783 0.000000 0.144873 0.000000 0.989450 0.371531 0.371531 0.371531
5599.826172 0.000000 955.325806 0.000000 0.117189 0.000000 0.993110 0.371409 0.371409 0.371409
5612.194824 0.000000 972.311768 0.000000 0.253572 0.000000 0.967316 0.381098 0.381098 0.381098
5606.337891 0.000000 973.970520 0.000000 0.427865 0.000000 0.903843 0.383150 0.383150 0.383150
5587.236816 0.000000 971.557434 0.000000 0.456441 0.000000 0.889754 0.382640 0.382640 0.382640
5580.251465 0.000000 967.070496 0.000000 0.416586 0.000000 0.909096 0.381654 0.381654 0.381654
5595.877441 0.000000 971.725281 0.000000 0.545573 0.000000 0.838063 0.383626 0.383626 0.383626
5592.512695 0.000000 967.967285 0.000000 0.091204 0.000000 0.995832 0.372003 0.372003 0.372003
5594.957520 0.000000 966.861206 0.000000 0.339493 0.000000 0.940609 0.377196 0.377196 0.377196
5601.519531 0.000000 968.095337 0.000000 0.021315 0.000000 0.999773 0.372535 0.372535 0.372535
5597.325684 0.000000 964.709351 0.000000 0.047350 0.000000 0.998878 0.370486 0.370486 0.370486
5590.020996 0.000000 961.554443 0.000000 0.416045 0.000000 0.909344 0.377939 0.377939 0.377939
5623.848633 0.000000 960.297485 0.000000 0.361212 0.000000 0.932484 0.379367 0.379367 0.379367
5597.055664 0.000000 966.248169 0.000000 0.012777 0.000000 0.999918 0.371294 0.371294 0.371294
5591.673828 0.000000 966.190491 0.000000 0.337550 0.000000 0.941308 0.377158 0.377158 0.377158
5588.029785 0.000000 964.161133 0.000000 0.145970 0.000000 0.989289 0.373047 0.373047 0.373047
5598.191406 0.000000 962.448364 0.000000 0.129555 0.000000 0.991572 0.371654 0.371654 0.371654
5601.760254 0.000000 964.642517 0.000000 0.585846 0.000000 0.810423 0.381129 0.381129 0.381129
5594.256836 0.000000 964.959290 0.000000 0.339890 0.000000 0.940465 0.375921 0.375921 0.375921
5607.339844 0.000000 961.816895 0.000000 0.513225 0.000000 0.858254 0.379855 0.379855 0.379855
5612.736816 0.000000 963.056458 0.000000 0.080031 0.000000 0.996792 0.370451 0.370451 0.370451
5646.368652 0.000000 959.603516 0.000000 0.299215 0.000000 0.954186 0.379884 0.379884 0.379884
5645.340332 0.000000 943.976807 0.000000 0.066558 0.000000 0.997783 0.372812 0.372812 0.372812
5640.859375 0.000000 941.237122 0.000000 0.487133 0.000000 0.873328 0.380911 0.380911 0.380911
5632.517090 0.000000 953.527039 0.000000 0.242885 0.000000 0.970055 0.375314 0.375314 0.375314
5651.343262 0.000000 955.351135 0.000000 0.115520 0.000000 0.993305 0.375154 0.375154 0.375154
5643.256348 0.000000 956.783325 0.000000 0.542428 0.000000 0.840102 0.383116 0.383116 0.383116
5648.425781 0.000000 954.453064 0.000000 0.291839 0.000000 0.956467 0.377534 0.377534 0.377534
5642.331055 0.000000 949.086304 0.000000 0.012137 0.000000 0.999926 0.370504 0.370504 0.370504
5634.657715 0.000000 948.512329 0.000000 0.427388 0.000000 0.904068 0.377955 0.377955 0.377955
5633.639160 0.000000 938.956360 0.000000 0.475395 0.000000 0.879773 0.379220 0.379220 0.379220
5645.467285 0.000000 952.396790 0.000000 0.042693 0.000000 0.999088 0.370320 0.370320 0.370320
5641.022461 0.000000 946.817261 0.000000 0.221904 0.000000 0.975069 0.373971 0.373971 0.373971
5632.126465 0.000000 949.432922 0.000000 0.549912 0.000000 0.835223 0.380701 0.380701 0.380701
5638.251953 0.000000 942.890503 0.000000 0.054003 0.000000 0.998541 0.370464 0.370464 0.370464
5632.042480 0.000000 960.241699 0.000000 0.212682 0.000000 0.977121 0.380968 0.380968 0.380968
5683.634277 0.000000 1059.446655 0.000000 0.132052 0.000000 0.991243 0.380106 0.380106 0.380106
5690.028320 0.000000 1029.817383 0.000000 0.291821 0.000000 0.956473 0.381925 0.381925 0.381925
5657.681152 0.000000 1050.496216 0.000000 0.012126 0.000000 0.999927 0.378209 0.378209 0.378209
5695.509766 0.000000 1053.937256 0.000000 0.425648 0.000000 0.904889 0.383339 0.383339 0.383339
5684.706543 0.000000 1073.034058 0.000000 0.067677 0.000000 0.997707 0.377110 0.377110 0.377110
5662.609375 0.000000 1042.381348 0.000000 0.515514 0.000000 0.856881 0.381963 0.381963 0.381963
5688.471680 0.000000 1057.174805 0.000000 0.435482 0.000000 0.900197 0.378857 0.378857 0.378857
5671.382324 0.000000 1050.337280 0.000000 0.072588 0.000000 0.997362 0.361850 0.361850 0.361850
5664.240234 0.000000 1030.688599 0.000000 0.021008 0.000000 0.999779 0.368738 0.368738 0.368738
5691.962402 0.000000 1055.667114 0.000000 0.241356 0.000000 0.970437 0.366207 0.366207 0.366207
5693.294434 0.000000 1032.234131 0.000000 0.531087 0.000000 0.847317 0.380718 0.380718 0.380718
5695.116211 0.000000 1036.468506 0.000000 0.217564 0.000000 0.976046 0.373750 0.373750 0.373750
5668.309082 0.000000 1046.104736 0.000000 0.012778 0.000000 0.999918 0.360325 0.360325 0.360325
5690.873047 0.000000 1032.467651 0.000000 0.310502 0.000000 0.950573 0.370985 0.370985 0.370985
5678.644531 0.000000 1061.714966 0.000000 0.380294 0.000000 0.924866 0.369934 0.369934 0.369934
5691.484375 0.000000 1057.915039 0.000000 0.240927 0.000000 0.970543 0.366196 0.366196 0.366196
5678.588379 0.000000 1060.500000 0.000000 0.115896 0.000000 0.993261 0.362958 0.362958 0.362958
5690.917480 0.000000 1063.965332 0.000000 0.430136 0.000000 0.902764 0.376777 0.376777 0.376777
5665.799316 0.000000 1055.604736 0.000000 0.483976 0.000000 0.875081 0.375791 0.375791 0.375791
5680.827148 0.000000 1060.556641 0.000000 0.131935 0.000000 0.991258 0.363370 0.363370 0.363370
5672.188477 0.000000 1054.061768 0.000000 0.440819 0.000000 0.897596 0.372460 0.372460 0.372460
5664.087402 0.000000 1056.838013 0.000000 0.483070 0.000000 0.875582 0.374596 0.374596 0.374596
5660.615723 0.000000 1051.205444 0.000000 0.490292 0.000000 0.871558 0.375533 0.375533 0.375533
5665.533203 0.000000 1042.778076 0.000000 0.571040 0.000000 0.820922 0.375477 0.375477 0.375477
5694.015625 0.000000 1049.335083 0.000000 0.576907 0.000000 0.816810 0.377091 0.377091 0.377091
5717.502930 0.000000 1065.037964 0.000000 0.276575 0.000000 0.960992 0.382279 0.382279 0.382279
5711.799805 0.000000 1059.782593 0.000000 0.583657 0.000000 0.812000 0.384387 0.384387 0.384387
5701.351074 0.000000 1054.844727 0.000000 0.488178 0.000000 0.872744 0.381727 0.381727 0.381727
5698.335449 0.000000 1047.948730 0.000000 0.452310 0.000000 0.891861 0.381301 0.381301 0.381301
5724.899902 0.000000 1068.267456 0.000000 0.329628 0.000000 0.944111 0.370959 0.370959 0.370959
5718.444824 0.000000 1068.417603 0.000000 0.374579 0.000000 0.927195 0.376651 0.376651 0.376651
5726.022949 0.000000 1060.131592 0.000000 0.514438 0.000000 0.857528 0.373760 0.373760 0.373760
5725.817383 0.000000 1056.598267 0.000000 0.389522 0.000000 0.921017 0.370189 0.370189 0.370189
5729.799316 0.000000 1055.604736 0.000000 0.499952 0.000000 0.866053 0.373332 0.373332 0.373332
5724.429199 0.000000 1056.062134 0.000000 0.381251 0.000000 0.924472 0.369961 0.369961 0.369961
5726.526367 0.000000 1061.174194 0.000000 0.480607 0.000000 0.876936 0.372767 0.372767 0.372767
5713.432129 0.000000 1071.849609 0.000000 0.455591 0.000000 0.890189 0.372046 0.372046 0.372046
5720.413086 0.000000 1070.136963 0.000000 0.073233 0.000000 0.997315 0.367848 0.367848 0.367848
5722.378418 0.000000 1067.392578 0.000000 0.093235 0.000000 0.995644 0.367099 0.367099 0.367099
5697.148926 0.000000 1040.867920 0.000000 0.139335 0.000000 0.990245 0.365632 0.365632 0.365632
5724.950195 0.000000 1064.583618 0.000000 0.002149 0.000000 0.999998 0.360055 0.360055 0.360055
5704.949219 0.000000 1065.653931 0.000000 0.266383 0.000000 0.963867 0.366866 0.366866 0.366866
5696.148438 0.000000 1046.242676 0.000000 0.298758 0.000000 0.954329 0.367726 0.367726 0.367726
5718.794922 0.000000 1070.598145 0.000000 0.515168 0.000000 0.857089 0.375889 0.375889 0.375889
5731.250488 0.000000 1054.145142 0.000000 0.442932 0.000000 0.896555 0.371685 0.371685 0.371685
5711.688965 0.000000 1066.695068 0.000000 0.417663 0.000000 0.908602 0.370972 0.370972 0.370972
5690.511719 0.000000 1093.713135 0.000000 0.532772 0.000000 0.846259 0.386549 0.386549 0.386549
5660.431641 0.000000 1080.710938 0.000000 0.116895 0.000000 0.993144 0.379242 0.379242 0.379242
5695.814453 0.000000 1091.647827 0.000000 0.236921 0.000000 0.971529 0.378724 0.378724 0.378724
5690.353516 0.000000 1074.333618 0.000000 0.488218 0.000000 0.872722 0.372988 0.372988 0.372988
5690.650879 0.000000 1084.381104 0.000000 0.069787 0.000000 0.997562 0.361779 0.361779 0.361779
5664.901855 0.000000 1080.086792 0.000000 0.086105 0.000000 0.996286 0.367903 0.367903 0.367903
5691.256348 0.000000 1082.173706 0.000000 0.583208 0.000000 0.812323 0.375856 0.375856 0.375856
5690.572266 0.000000 1073.239136 0.000000 0.441395 0.000000 0.897313 0.371641 0.371641 0.371641
5690.012207 0.000000 1083.532837 0.000000 0.363922 0.000000 0.931429 0.369485 0.369485 0.369485
5690.104004 0.000000 1085.257324 0.000000 0.512436 0.000000 0.858725 0.373701 0.373701 0.373701
5705.084961 0.000000 1084.020996 0.000000 0.307165 0.000000 0.951656 0.382404 0.382404 0.382404
5698.944824 0.000000 1090.599121 0.000000 0.113708 0.000000 0.993514 0.378469 0.378469 0.378469
5720.484375 0.000000 1073.214233 0.000000 0.145804 0.000000 0.989313 0.367496 0.367496 0.367496
5697.343750 0.000000 1086.516479 0.000000 0.238134 0.000000 0.971232 0.369710 0.369710 0.369710
5703.012695 0.000000 1074.293945 0.000000 0.165989 0.000000 0.986128 0.364247 0.364247 0.364247
5696.405762 0.000000 1082.979126 0.000000 0.501422 0.000000 0.865203 0.373375 0.373375 0.373375
5700.471191 0.000000 1076.847168 0.000000 0.496309 0.000000 0.868146 0.373225 0.373225 0.373225
"}
object={
	name="oak_dense_generator_2_1"
	clamp_to_water_level=no
	render_under_water=no
	generated_content=yes
	layer="semidynamic_medium"
	pdxmesh="oak_tree_02_mesh"
	count=154
	transform="5579.941895 0.000000 945.554016 0.000000 0.695500 0.000000 0.718526 0.388872 0.388872 0.388872
5583.197266 0.000000 915.382751 0.000000 0.793144 0.000000 0.609034 0.390485 0.390485 0.390485
5578.072266 0.000000 959.921997 0.000000 0.902577 0.000000 0.430529 0.393400 0.393400 0.393400
5583.870117 0.000000 940.572876 0.000000 0.759115 0.000000 0.650957 0.389594 0.389594 0.389594
5587.894531 0.000000 911.521790 0.000000 0.812831 0.000000 0.582499 0.390531 0.390531 0.390531
5611.311523 0.000000 928.897766 0.000000 0.858620 0.000000 0.512613 0.390621 0.390621 0.390621
5601.680176 0.000000 959.577759 0.000000 0.634556 0.000000 0.772877 0.383989 0.383989 0.383989
5621.449707 0.000000 953.641541 0.000000 0.810932 0.000000 0.585140 0.389170 0.389170 0.389170
5623.432129 0.000000 952.833679 0.000000 0.748734 0.000000 0.662870 0.387372 0.387372 0.387372
5622.588867 0.000000 956.933167 0.000000 0.810557 0.000000 0.585660 0.389909 0.389909 0.389909
5593.034668 0.000000 935.696533 0.000000 0.890917 0.000000 0.454166 0.391644 0.391644 0.391644
5610.375488 0.000000 935.293274 0.000000 0.826669 0.000000 0.562688 0.388004 0.388004 0.388004
5629.810547 0.000000 937.403442 0.000000 0.918513 0.000000 0.395390 0.391983 0.391983 0.391983
5587.343262 0.000000 955.351135 0.000000 0.843223 0.000000 0.537564 0.390138 0.390138 0.390138
5593.560059 0.000000 946.923523 0.000000 0.730176 0.000000 0.683259 0.386329 0.386329 0.386329
5601.478516 0.000000 933.771484 0.000000 0.853444 0.000000 0.521184 0.389132 0.389132 0.389132
5603.595703 0.000000 923.861877 0.000000 0.714957 0.000000 0.699169 0.386470 0.386470 0.386470
5588.440918 0.000000 959.256653 0.000000 0.936886 0.000000 0.349634 0.393508 0.393508 0.393508
5591.599609 0.000000 958.305176 0.000000 0.738568 0.000000 0.674179 0.386332 0.386332 0.386332
5619.609375 0.000000 939.099182 0.000000 0.918137 0.000000 0.396262 0.391801 0.391801 0.391801
5605.817871 0.000000 937.316772 0.000000 0.841382 0.000000 0.540441 0.388654 0.388654 0.388654
5628.027344 0.000000 948.632385 0.000000 0.948770 0.000000 0.315968 0.393724 0.393724 0.393724
5602.144043 0.000000 954.739502 0.000000 0.724347 0.000000 0.689436 0.385073 0.385073 0.385073
5590.444824 0.000000 955.448792 0.000000 0.853612 0.000000 0.520909 0.389440 0.389440 0.389440
5627.955078 0.000000 934.805176 0.000000 0.889945 0.000000 0.456069 0.390802 0.390802 0.390802
5625.993164 0.000000 940.345886 0.000000 0.950382 0.000000 0.311084 0.394330 0.394330 0.394330
5597.034668 0.000000 957.233765 0.000000 0.948940 0.000000 0.315455 0.393542 0.393542 0.393542
5594.062500 0.000000 930.787598 0.000000 0.855630 0.000000 0.517588 0.389460 0.389460 0.389460
5593.909180 0.000000 920.836304 0.000000 0.751019 0.000000 0.660281 0.385560 0.385560 0.385560
5597.067383 0.000000 927.262939 0.000000 0.852192 0.000000 0.523229 0.389195 0.389195 0.389195
5596.743164 0.000000 932.363037 0.000000 0.824989 0.000000 0.565148 0.387884 0.387884 0.387884
5603.030762 0.000000 927.644348 0.000000 0.909381 0.000000 0.415963 0.391732 0.391732 0.391732
5599.740723 0.000000 948.718567 0.000000 0.932709 0.000000 0.360630 0.392742 0.392742 0.392742
5630.095703 0.000000 935.296082 0.000000 0.931341 0.000000 0.364148 0.393207 0.393207 0.393207
5595.790527 0.000000 922.503540 0.000000 0.669352 0.000000 0.742945 0.383274 0.383274 0.383274
5594.283691 0.000000 950.295837 0.000000 0.765367 0.000000 0.643594 0.386594 0.386594 0.386594
5590.889648 0.000000 953.011963 0.000000 0.948241 0.000000 0.317550 0.393594 0.393594 0.393594
5603.429199 0.000000 953.921021 0.000000 0.821666 0.000000 0.569970 0.388099 0.388099 0.388099
5598.348145 0.000000 934.088440 0.000000 0.738969 0.000000 0.673740 0.385235 0.385235 0.385235
5604.309082 0.000000 933.136047 0.000000 0.895740 0.000000 0.444578 0.390983 0.390983 0.390983
5594.769531 0.000000 952.423401 0.000000 0.933886 0.000000 0.357570 0.392879 0.392879 0.392879
5597.948242 0.000000 944.870361 0.000000 0.764096 0.000000 0.645102 0.386416 0.386416 0.386416
5618.362305 0.000000 938.447571 0.000000 0.602025 0.000000 0.798477 0.381392 0.381392 0.381392
5595.236816 0.000000 921.236877 0.000000 0.693442 0.000000 0.720513 0.384373 0.384373 0.384373
5598.684082 0.000000 946.010559 0.000000 0.933972 0.000000 0.357345 0.392683 0.392683 0.392683
5592.351074 0.000000 955.880371 0.000000 0.613392 0.000000 0.789778 0.381907 0.381907 0.381907
5601.632324 0.000000 957.559387 0.000000 0.736770 0.000000 0.676144 0.385800 0.385800 0.385800
5612.655273 0.000000 955.675415 0.000000 0.935768 0.000000 0.352617 0.392929 0.392929 0.392929
5619.748047 0.000000 945.205383 0.000000 0.688579 0.000000 0.725162 0.383878 0.383878 0.383878
5627.628418 0.000000 947.425537 0.000000 0.730479 0.000000 0.682935 0.385023 0.385023 0.385023
5622.683594 0.000000 934.311829 0.000000 0.638257 0.000000 0.769823 0.382497 0.382497 0.382497
5614.644531 0.000000 948.746216 0.000000 0.892135 0.000000 0.451768 0.390568 0.390568 0.390568
5615.984863 0.000000 937.330383 0.000000 0.604738 0.000000 0.796424 0.381690 0.381690 0.381690
5597.854004 0.000000 932.942322 0.000000 0.860626 0.000000 0.509238 0.389222 0.389222 0.389222
5631.246094 0.000000 939.759521 0.000000 0.849116 0.000000 0.528207 0.388858 0.388858 0.388858
5579.486816 0.000000 968.794006 0.000000 0.950528 0.000000 0.310640 0.395426 0.395426 0.395426
5584.098633 0.000000 969.993896 0.000000 0.849617 0.000000 0.527401 0.390708 0.390708 0.390708
5615.105469 0.000000 963.795715 0.000000 0.936326 0.000000 0.351133 0.392942 0.392942 0.392942
5585.288086 0.000000 965.315613 0.000000 0.827368 0.000000 0.561660 0.388922 0.388922 0.388922
5586.929199 0.000000 965.708618 0.000000 0.628509 0.000000 0.777803 0.382869 0.382869 0.382869
5589.555664 0.000000 964.319458 0.000000 0.592425 0.000000 0.805626 0.382273 0.382273 0.382273
5615.286621 0.000000 962.007751 0.000000 0.819214 0.000000 0.573488 0.387985 0.387985 0.387985
5606.826172 0.000000 966.970459 0.000000 0.857927 0.000000 0.513771 0.390220 0.390220 0.390220
5599.834473 0.000000 962.387878 0.000000 0.853703 0.000000 0.520761 0.389224 0.389224 0.389224
5590.014160 0.000000 965.768433 0.000000 0.769662 0.000000 0.638451 0.386550 0.386550 0.386550
5601.739258 0.000000 962.758362 0.000000 0.679643 0.000000 0.733543 0.383881 0.383881 0.383881
5588.179199 0.000000 961.511536 0.000000 0.824823 0.000000 0.565391 0.388449 0.388449 0.388449
5653.934570 0.000000 958.561951 0.000000 0.769951 0.000000 0.638103 0.389945 0.389945 0.389945
5638.395508 0.000000 933.805664 0.000000 0.948774 0.000000 0.315957 0.395313 0.395313 0.395313
5650.979980 0.000000 943.763794 0.000000 0.713160 0.000000 0.701002 0.387239 0.387239 0.387239
5655.416992 0.000000 951.682800 0.000000 0.919914 0.000000 0.392120 0.393401 0.393401 0.393401
5649.033691 0.000000 943.710876 0.000000 0.602067 0.000000 0.798445 0.384209 0.384209 0.384209
5648.905273 0.000000 957.649414 0.000000 0.766047 0.000000 0.642785 0.388462 0.388462 0.388462
5644.919922 0.000000 953.785706 0.000000 0.728254 0.000000 0.685307 0.385335 0.385335 0.385335
5632.850586 0.000000 944.314697 0.000000 0.932942 0.000000 0.360026 0.393306 0.393306 0.393306
5644.970703 0.000000 950.735779 0.000000 0.815979 0.000000 0.578081 0.387782 0.387782 0.387782
5632.525879 0.000000 941.053101 0.000000 0.595771 0.000000 0.803154 0.381467 0.381467 0.381467
5648.583984 0.000000 942.106140 0.000000 0.695312 0.000000 0.718708 0.386306 0.386306 0.386306
5643.049316 0.000000 953.630920 0.000000 0.657882 0.000000 0.753121 0.383649 0.383649 0.383649
5643.147461 0.000000 941.915588 0.000000 0.639443 0.000000 0.768839 0.384805 0.384805 0.384805
5640.627441 0.000000 943.774475 0.000000 0.709645 0.000000 0.704559 0.385283 0.385283 0.385283
5635.452637 0.000000 943.722534 0.000000 0.861139 0.000000 0.508369 0.389535 0.389535 0.389535
5649.775879 0.000000 951.323242 0.000000 0.727392 0.000000 0.686222 0.385311 0.385311 0.385311
5632.098633 0.000000 939.812561 0.000000 0.921259 0.000000 0.388950 0.392281 0.392281 0.392281
5641.264160 0.000000 948.343262 0.000000 0.780825 0.000000 0.624750 0.387028 0.387028 0.387028
5638.966309 0.000000 951.619934 0.000000 0.728811 0.000000 0.684715 0.385276 0.385276 0.385276
5639.914551 0.000000 962.071289 0.000000 0.747101 0.000000 0.664710 0.390415 0.390415 0.390415
5636.948730 0.000000 960.349426 0.000000 0.895878 0.000000 0.444301 0.393609 0.393609 0.393609
5658.074219 0.000000 1047.235229 0.000000 0.895204 0.000000 0.445657 0.393865 0.393865 0.393865
5685.860840 0.000000 1064.785156 0.000000 0.743188 0.000000 0.669082 0.389533 0.389533 0.389533
5661.958984 0.000000 1026.919067 0.000000 0.939415 0.000000 0.342782 0.394672 0.394672 0.394672
5685.789062 0.000000 1060.162476 0.000000 0.628649 0.000000 0.777689 0.385897 0.385897 0.385897
5659.504395 0.000000 1030.697144 0.000000 0.717264 0.000000 0.696802 0.386604 0.386604 0.386604
5666.087402 0.000000 1041.773926 0.000000 0.811474 0.000000 0.584389 0.389810 0.389810 0.389810
5660.266602 0.000000 1054.085938 0.000000 0.692561 0.000000 0.721359 0.384631 0.384631 0.384631
5694.383301 0.000000 1037.885254 0.000000 0.939472 0.000000 0.342626 0.393208 0.393208 0.393208
5691.523926 0.000000 1030.178101 0.000000 0.913315 0.000000 0.407254 0.392146 0.392146 0.392146
5695.314453 0.000000 1044.631592 0.000000 0.903265 0.000000 0.429082 0.388707 0.388707 0.388707
5680.927734 0.000000 1061.734741 0.000000 0.664688 0.000000 0.747121 0.378515 0.378515 0.378515
5694.499512 0.000000 1046.107300 0.000000 0.928846 0.000000 0.370467 0.390336 0.390336 0.390336
5663.169922 0.000000 1029.956421 0.000000 0.604327 0.000000 0.796736 0.380253 0.380253 0.380253
5694.477051 0.000000 1042.125000 0.000000 0.826530 0.000000 0.562893 0.384775 0.384775 0.384775
5662.868164 0.000000 1037.460938 0.000000 0.813935 0.000000 0.580955 0.385762 0.385762 0.385762
5660.419922 0.000000 1048.261597 0.000000 0.902811 0.000000 0.430038 0.390012 0.390012 0.390012
5665.173340 0.000000 1041.115967 0.000000 0.750894 0.000000 0.660422 0.382315 0.382315 0.382315
5683.956055 0.000000 1062.153687 0.000000 0.637909 0.000000 0.770112 0.377616 0.377616 0.377616
5691.452148 0.000000 1056.608276 0.000000 0.672405 0.000000 0.740183 0.378779 0.378779 0.378779
5694.093750 0.000000 1065.595703 0.000000 0.607266 0.000000 0.794498 0.376619 0.376619 0.376619
5689.357910 0.000000 1061.178101 0.000000 0.639058 0.000000 0.769159 0.379275 0.379275 0.379275
5724.380371 0.000000 1071.569092 0.000000 0.914497 0.000000 0.404592 0.393677 0.393677 0.393677
5708.721191 0.000000 1055.043579 0.000000 0.728150 0.000000 0.685418 0.388914 0.388914 0.388914
5700.756836 0.000000 1035.511963 0.000000 0.648805 0.000000 0.760955 0.385492 0.385492 0.385492
5699.385254 0.000000 1055.153198 0.000000 0.656489 0.000000 0.754336 0.386046 0.386046 0.386046
5699.099121 0.000000 1043.420410 0.000000 0.823238 0.000000 0.567696 0.390354 0.390354 0.390354
5709.340332 0.000000 1056.945557 0.000000 0.865337 0.000000 0.501191 0.391219 0.391219 0.391219
5706.378418 0.000000 1028.580078 0.000000 0.880411 0.000000 0.474211 0.390996 0.390996 0.390996
5704.161133 0.000000 1028.840088 0.000000 0.893842 0.000000 0.448382 0.389739 0.389739 0.389739
5713.775879 0.000000 1064.291992 0.000000 0.817903 0.000000 0.575356 0.388399 0.388399 0.388399
5703.231934 0.000000 1029.958008 0.000000 0.880909 0.000000 0.473286 0.389119 0.389119 0.389119
5722.283691 0.000000 1063.264648 0.000000 0.791745 0.000000 0.610852 0.387597 0.387597 0.387597
5701.597656 0.000000 1030.186401 0.000000 0.851428 0.000000 0.524471 0.389194 0.389194 0.389194
5727.182129 0.000000 1064.217896 0.000000 0.916727 0.000000 0.399515 0.389534 0.389534 0.389534
5704.409180 0.000000 1031.538208 0.000000 0.788903 0.000000 0.614517 0.386948 0.386948 0.386948
5733.123047 0.000000 1055.880737 0.000000 0.608109 0.000000 0.793853 0.381637 0.381637 0.381637
5724.472656 0.000000 1062.234985 0.000000 0.939984 0.000000 0.341220 0.391133 0.391133 0.391133
5697.312988 0.000000 1036.204346 0.000000 0.908796 0.000000 0.417241 0.391275 0.391275 0.391275
5705.453613 0.000000 1029.389038 0.000000 0.892786 0.000000 0.450480 0.389687 0.389687 0.389687
5706.865723 0.000000 1031.809570 0.000000 0.845072 0.000000 0.534653 0.386734 0.386734 0.386734
5730.942871 0.000000 1055.153564 0.000000 0.934905 0.000000 0.354898 0.390761 0.390761 0.390761
5701.924316 0.000000 1032.358154 0.000000 0.868965 0.000000 0.494874 0.387618 0.387618 0.387618
5699.005859 0.000000 1067.676758 0.000000 0.834428 0.000000 0.551117 0.385136 0.385136 0.385136
5703.968750 0.000000 1057.671997 0.000000 0.680000 0.000000 0.733212 0.381836 0.381836 0.381836
5724.235840 0.000000 1059.395874 0.000000 0.780863 0.000000 0.624702 0.382818 0.382818 0.382818
5703.536621 0.000000 1030.959961 0.000000 0.593034 0.000000 0.805177 0.377427 0.377427 0.377427
5712.762695 0.000000 1068.422852 0.000000 0.886661 0.000000 0.462420 0.387758 0.387758 0.387758
5725.200684 0.000000 1065.664429 0.000000 0.897349 0.000000 0.441321 0.388361 0.388361 0.388361
5711.440918 0.000000 1067.754761 0.000000 0.681983 0.000000 0.731368 0.379111 0.379111 0.379111
5706.944824 0.000000 1064.993408 0.000000 0.744762 0.000000 0.667330 0.381395 0.381395 0.381395
5682.789551 0.000000 1085.290405 0.000000 0.835049 0.000000 0.550176 0.392262 0.392262 0.392262
5691.815430 0.000000 1091.922974 0.000000 0.655553 0.000000 0.755149 0.386880 0.386880 0.386880
5689.678223 0.000000 1088.324707 0.000000 0.612870 0.000000 0.790184 0.384942 0.384942 0.384942
5686.302246 0.000000 1087.490601 0.000000 0.909922 0.000000 0.414780 0.392782 0.392782 0.392782
5665.128418 0.000000 1113.966309 0.000000 0.877993 0.000000 0.478673 0.391476 0.391476 0.391476
5661.380859 0.000000 1092.600830 0.000000 0.664071 0.000000 0.747669 0.384904 0.384904 0.384904
5661.938965 0.000000 1089.736572 0.000000 0.906915 0.000000 0.421314 0.389447 0.389447 0.389447
5660.436523 0.000000 1089.806030 0.000000 0.699707 0.000000 0.714430 0.380689 0.380689 0.380689
5662.425293 0.000000 1080.087524 0.000000 0.782022 0.000000 0.623250 0.386662 0.386662 0.386662
5688.213867 0.000000 1084.730347 0.000000 0.723597 0.000000 0.690223 0.382769 0.382769 0.382769
5691.028320 0.000000 1078.607056 0.000000 0.933616 0.000000 0.358275 0.390669 0.390669 0.390669
5665.256836 0.000000 1110.049927 0.000000 0.916659 0.000000 0.399670 0.390700 0.390700 0.390700
5707.316406 0.000000 1074.120117 0.000000 0.947050 0.000000 0.321086 0.394434 0.394434 0.394434
5697.945801 0.000000 1089.506958 0.000000 0.864532 0.000000 0.502578 0.390114 0.390114 0.390114
5696.213379 0.000000 1085.304810 0.000000 0.610549 0.000000 0.791979 0.376724 0.376724 0.376724
5712.073730 0.000000 1075.712769 0.000000 0.688859 0.000000 0.724896 0.381214 0.381214 0.381214
"}
object={
	name="oak_dense_generator_2_2"
	clamp_to_water_level=no
	render_under_water=no
	generated_content=yes
	layer="semidynamic_medium"
	pdxmesh="oak_tree_03_mesh"
	count=144
	transform="4983.107910 0.000000 610.045044 0.000000 0.961920 0.000000 -0.273331 0.403636 0.403636 0.403636
5608.763184 0.000000 918.872192 0.000000 0.998499 0.000000 -0.054764 0.400750 0.400750 0.400750
5580.457520 0.000000 955.525940 0.000000 0.961779 0.000000 -0.273827 0.403975 0.403975 0.403975
5585.664551 0.000000 910.406006 0.000000 0.999623 0.000000 -0.027461 0.400398 0.400398 0.400398
5585.436523 0.000000 927.619019 0.000000 0.997814 0.000000 -0.066082 0.400958 0.400958 0.400958
5582.686523 0.000000 918.341492 0.000000 0.973992 0.000000 0.226584 0.396599 0.396599 0.396599
5587.362793 0.000000 931.737854 0.000000 0.997070 0.000000 -0.076494 0.401162 0.401162 0.401162
5631.510742 0.000000 928.486694 0.000000 0.982041 0.000000 0.188666 0.397072 0.397072 0.397072
5588.821777 0.000000 934.860962 0.000000 0.984645 0.000000 0.174567 0.397275 0.397275 0.397275
5608.688965 0.000000 928.150513 0.000000 0.991814 0.000000 -0.127688 0.402276 0.402276 0.402276
5583.799805 0.000000 946.813843 0.000000 0.998841 0.000000 0.048130 0.399211 0.399211 0.399211
5582.368652 0.000000 959.603516 0.000000 0.993194 0.000000 0.116473 0.398047 0.398047 0.398047
5619.561035 0.000000 930.011902 0.000000 0.961583 0.000000 0.274515 0.394821 0.394821 0.394821
5615.350098 0.000000 958.493042 0.000000 0.985083 0.000000 0.172081 0.396805 0.396805 0.396805
5607.260742 0.000000 925.354004 0.000000 0.994213 0.000000 -0.107425 0.401838 0.401838 0.401838
5590.981445 0.000000 931.974548 0.000000 0.998729 0.000000 0.050409 0.399124 0.399124 0.399124
5610.442383 0.000000 931.800842 0.000000 0.953017 0.000000 0.302916 0.394314 0.394314 0.394314
5625.864746 0.000000 932.341187 0.000000 0.982229 0.000000 0.187688 0.396418 0.396418 0.396418
5592.891602 0.000000 950.105103 0.000000 0.972929 0.000000 0.231105 0.395540 0.395540 0.395540
5592.204102 0.000000 948.277527 0.000000 0.964899 0.000000 -0.262623 0.404976 0.404976 0.404976
5605.967285 0.000000 928.647339 0.000000 0.994249 0.000000 -0.107092 0.402073 0.402073 0.402073
5599.972656 0.000000 928.130981 0.000000 0.995699 0.000000 0.092649 0.398142 0.398142 0.398142
5607.989746 0.000000 929.653870 0.000000 0.981219 0.000000 0.192895 0.396385 0.396385 0.396385
5605.577148 0.000000 951.918579 0.000000 0.976151 0.000000 -0.217091 0.404130 0.404130 0.404130
5588.433105 0.000000 920.764587 0.000000 0.992306 0.000000 -0.123808 0.402237 0.402237 0.402237
5620.695312 0.000000 950.722168 0.000000 0.973544 0.000000 0.228498 0.395753 0.395753 0.395753
5594.869141 0.000000 925.198914 0.000000 0.996219 0.000000 -0.086878 0.401737 0.401737 0.401737
5599.967773 0.000000 921.949707 0.000000 0.963281 0.000000 0.268495 0.395114 0.395114 0.395114
5586.010742 0.000000 954.283081 0.000000 0.993757 0.000000 0.111571 0.398057 0.398057 0.398057
5597.380859 0.000000 923.147644 0.000000 0.961931 0.000000 0.273293 0.394637 0.394637 0.394637
5592.030273 0.000000 917.055176 0.000000 0.995978 0.000000 0.089593 0.398235 0.398235 0.398235
5602.837891 0.000000 951.841431 0.000000 0.975293 0.000000 0.220914 0.395874 0.395874 0.395874
5589.918945 0.000000 915.257385 0.000000 0.987887 0.000000 0.155176 0.397246 0.397246 0.397246
5628.112793 0.000000 939.425049 0.000000 0.981102 0.000000 0.193494 0.396208 0.396208 0.396208
5610.059082 0.000000 939.033020 0.000000 0.998899 0.000000 0.046916 0.399091 0.399091 0.399091
5597.938965 0.000000 920.283447 0.000000 0.998655 0.000000 0.051842 0.399026 0.399026 0.399026
5620.319336 0.000000 931.375793 0.000000 0.999117 0.000000 0.042009 0.399230 0.399230 0.399230
5602.393066 0.000000 956.451660 0.000000 0.991274 0.000000 -0.131820 0.402469 0.402469 0.402469
5586.425781 0.000000 952.602173 0.000000 0.997233 0.000000 -0.074337 0.401334 0.401334 0.401334
5595.529297 0.000000 934.435913 0.000000 0.999074 0.000000 0.043019 0.399190 0.399190 0.399190
5593.742188 0.000000 932.801270 0.000000 0.992576 0.000000 -0.121628 0.402198 0.402198 0.402198
5629.587402 0.000000 951.647827 0.000000 0.954100 0.000000 -0.299487 0.405695 0.405695 0.405695
5611.575684 0.000000 934.480225 0.000000 0.989585 0.000000 0.143953 0.397100 0.397100 0.397100
5627.914062 0.000000 932.072693 0.000000 0.997522 0.000000 -0.070356 0.401308 0.401308 0.401308
5595.304688 0.000000 948.888672 0.000000 0.995338 0.000000 0.096450 0.398177 0.398177 0.398177
5606.782227 0.000000 931.759644 0.000000 0.996677 0.000000 -0.081453 0.401572 0.401572 0.401572
5614.671387 0.000000 937.286621 0.000000 0.986072 0.000000 -0.166321 0.403321 0.403321 0.403321
5605.210449 0.000000 935.831604 0.000000 0.959863 0.000000 0.280468 0.394308 0.394308 0.394308
5627.526855 0.000000 936.517151 0.000000 0.985988 0.000000 0.166815 0.396678 0.396678 0.396678
5592.874512 0.000000 921.765137 0.000000 0.997910 0.000000 0.064614 0.398705 0.398705 0.398705
5605.085938 0.000000 930.120911 0.000000 0.990013 0.000000 0.140978 0.397168 0.397168 0.397168
5625.187988 0.000000 935.235352 0.000000 0.994411 0.000000 0.105581 0.397872 0.397872 0.397872
5613.684570 0.000000 946.660706 0.000000 0.960469 0.000000 -0.278386 0.405296 0.405296 0.405296
5618.478027 0.000000 945.625732 0.000000 0.995805 0.000000 -0.091496 0.401821 0.401821 0.401821
5622.834961 0.000000 941.424561 0.000000 0.994362 0.000000 -0.106038 0.402005 0.402005 0.402005
5613.556641 0.000000 949.393188 0.000000 0.976758 0.000000 -0.214344 0.404207 0.404207 0.404207
5612.222168 0.000000 937.135864 0.000000 0.975290 0.000000 -0.220929 0.404327 0.404327 0.404327
5600.342773 0.000000 938.795410 0.000000 0.999215 0.000000 -0.039626 0.400792 0.400792 0.400792
5604.687500 0.000000 954.320190 0.000000 0.999214 0.000000 -0.039634 0.400764 0.400764 0.400764
5610.913086 0.000000 957.750244 0.000000 0.952790 0.000000 0.303630 0.393854 0.393854 0.393854
5601.315918 0.000000 936.443054 0.000000 0.999148 0.000000 -0.041270 0.400804 0.400804 0.400804
5598.521973 0.000000 937.195740 0.000000 0.994452 0.000000 -0.105188 0.402084 0.402084 0.402084
5612.614746 0.000000 953.006592 0.000000 0.980053 0.000000 0.198734 0.395974 0.395974 0.395974
5576.667480 0.000000 965.013611 0.000000 0.966485 0.000000 -0.256724 0.403695 0.403695 0.403695
5603.217285 0.000000 971.072937 0.000000 0.959610 0.000000 0.281333 0.395301 0.395301 0.395301
5587.350098 0.000000 962.588257 0.000000 0.999832 0.000000 0.018339 0.399636 0.399636 0.399636
5589.209473 0.000000 967.096619 0.000000 0.964226 0.000000 0.265081 0.395191 0.395191 0.395191
5619.663574 0.000000 961.402771 0.000000 0.998321 0.000000 -0.057922 0.401117 0.401117 0.401117
5587.337891 0.000000 960.393188 0.000000 0.970460 0.000000 0.241260 0.395389 0.395389 0.395389
5606.002930 0.000000 961.895935 0.000000 0.964770 0.000000 0.263095 0.394802 0.394802 0.394802
5590.163574 0.000000 963.199646 0.000000 0.980006 0.000000 0.198969 0.395999 0.395999 0.395999
5634.552734 0.000000 959.826233 0.000000 0.990532 0.000000 0.137282 0.397916 0.397916 0.397916
5652.141113 0.000000 957.681763 0.000000 0.963016 0.000000 0.269446 0.395777 0.395777 0.395777
5653.101562 0.000000 950.201050 0.000000 0.971924 0.000000 -0.235296 0.404163 0.404163 0.404163
5643.557617 0.000000 943.697754 0.000000 0.983905 0.000000 0.178694 0.396699 0.396699 0.396699
5633.726074 0.000000 946.654480 0.000000 0.991293 0.000000 -0.131677 0.402446 0.402446 0.402446
5646.389648 0.000000 941.534424 0.000000 0.996975 0.000000 0.077722 0.398710 0.398710 0.398710
5651.070801 0.000000 947.117798 0.000000 0.998466 0.000000 -0.055363 0.401001 0.401001 0.401001
5634.335449 0.000000 934.980042 0.000000 0.961189 0.000000 -0.275891 0.404703 0.404703 0.404703
5637.041016 0.000000 947.526550 0.000000 0.986402 0.000000 0.164353 0.396876 0.396876 0.396876
5647.453125 0.000000 952.725159 0.000000 0.961589 0.000000 -0.274494 0.405290 0.405290 0.405290
5645.681641 0.000000 949.418945 0.000000 0.965054 0.000000 0.262050 0.394943 0.394943 0.394943
5642.666016 0.000000 946.111572 0.000000 0.987283 0.000000 -0.158976 0.403149 0.403149 0.403149
5639.386719 0.000000 948.965576 0.000000 0.959679 0.000000 -0.281099 0.405620 0.405620 0.405620
5635.621094 0.000000 940.837952 0.000000 0.960748 0.000000 -0.277424 0.405502 0.405502 0.405502
5634.176270 0.000000 941.683228 0.000000 0.999134 0.000000 0.041608 0.399185 0.399185 0.399185
5659.443848 0.000000 1048.983765 0.000000 0.993796 0.000000 0.111223 0.398275 0.398275 0.398275
5687.432129 0.000000 1065.802490 0.000000 0.981165 0.000000 0.193171 0.396710 0.396710 0.396710
5666.967773 0.000000 1051.461426 0.000000 0.999574 0.000000 0.029173 0.399500 0.399500 0.399500
5686.588867 0.000000 1069.901855 0.000000 0.977075 0.000000 -0.212894 0.403696 0.403696 0.403696
5662.924805 0.000000 1056.023560 0.000000 0.992670 0.000000 0.120857 0.397592 0.397592 0.397592
5683.824219 0.000000 1061.053223 0.000000 0.959821 0.000000 -0.280612 0.405354 0.405354 0.405354
5663.303223 0.000000 1043.730225 0.000000 0.983785 0.000000 -0.179352 0.403160 0.403160 0.403160
5694.321777 0.000000 1035.050903 0.000000 0.996120 0.000000 -0.088001 0.401549 0.401549 0.401549
5664.868164 0.000000 1033.090210 0.000000 0.967904 0.000000 0.251321 0.394875 0.394875 0.394875
5669.210449 0.000000 1048.800293 0.000000 0.974112 0.000000 -0.226065 0.405807 0.405807 0.405807
5679.960449 0.000000 1059.670532 0.000000 0.993001 0.000000 0.118108 0.397446 0.397446 0.397446
5694.420410 0.000000 1030.059448 0.000000 0.975277 0.000000 0.220985 0.395260 0.395260 0.395260
5661.685059 0.000000 1051.473389 0.000000 0.999261 0.000000 -0.038433 0.400889 0.400889 0.400889
5693.039062 0.000000 1035.059937 0.000000 0.997374 0.000000 -0.072416 0.401657 0.401657 0.401657
5682.163574 0.000000 1063.694336 0.000000 0.967016 0.000000 0.254717 0.393441 0.393441 0.393441
5692.871582 0.000000 1045.913574 0.000000 0.989253 0.000000 0.146216 0.396835 0.396835 0.396835
5660.046387 0.000000 1050.032837 0.000000 0.972352 0.000000 -0.233521 0.405449 0.405449 0.405449
5664.813965 0.000000 1054.573486 0.000000 0.988795 0.000000 0.149279 0.396596 0.396596 0.396596
5673.785156 0.000000 1050.802002 0.000000 0.982863 0.000000 -0.184339 0.403934 0.403934 0.403934
5686.086914 0.000000 1061.317871 0.000000 0.968080 0.000000 0.250643 0.394535 0.394535 0.394535
5691.344238 0.000000 1053.355835 0.000000 0.963326 0.000000 0.268334 0.394425 0.394425 0.394425
5689.653809 0.000000 1069.559204 0.000000 0.999466 0.000000 0.032689 0.399311 0.399311 0.399311
5695.956055 0.000000 1043.637085 0.000000 0.969351 0.000000 0.245679 0.393679 0.393679 0.393679
5692.564941 0.000000 1067.088379 0.000000 0.990476 0.000000 -0.137687 0.403517 0.403517 0.403517
5713.493164 0.000000 1060.691528 0.000000 0.999489 0.000000 -0.031954 0.400480 0.400480 0.400480
5704.859375 0.000000 1054.205811 0.000000 0.999550 0.000000 0.029983 0.399503 0.399503 0.399503
5726.190918 0.000000 1053.772583 0.000000 0.998537 0.000000 0.054072 0.398990 0.398990 0.398990
5725.264648 0.000000 1063.500000 0.000000 0.962166 0.000000 0.272463 0.392973 0.392973 0.392973
5700.846680 0.000000 1031.626099 0.000000 0.953695 0.000000 0.300774 0.394020 0.394020 0.394020
5730.377441 0.000000 1060.445923 0.000000 0.996050 0.000000 -0.088794 0.401798 0.401798 0.401798
5728.813477 0.000000 1060.224609 0.000000 0.970206 0.000000 0.242280 0.393768 0.393768 0.393768
5696.049316 0.000000 1042.416260 0.000000 0.969558 0.000000 -0.244863 0.406299 0.406299 0.406299
5722.914551 0.000000 1068.422607 0.000000 0.958686 0.000000 0.284468 0.394354 0.394354 0.394354
5726.985352 0.000000 1065.762695 0.000000 0.961048 0.000000 -0.276382 0.407131 0.407131 0.407131
5731.658203 0.000000 1057.274048 0.000000 0.957043 0.000000 0.289945 0.392509 0.392509 0.392509
5728.813965 0.000000 1054.573486 0.000000 0.999578 0.000000 -0.029044 0.400740 0.400740 0.400740
5712.554199 0.000000 1069.493652 0.000000 0.972617 0.000000 0.232413 0.394027 0.394027 0.394027
5728.087402 0.000000 1056.838013 0.000000 0.997550 0.000000 -0.069964 0.401783 0.401783 0.401783
5696.016602 0.000000 1039.872070 0.000000 0.996719 0.000000 0.080945 0.398098 0.398098 0.398098
5730.886719 0.000000 1059.391724 0.000000 0.999958 0.000000 -0.009156 0.400233 0.400233 0.400233
5703.085449 0.000000 1070.805054 0.000000 0.999229 0.000000 -0.039256 0.401000 0.401000 0.401000
5701.068848 0.000000 1070.345093 0.000000 0.995376 0.000000 0.096058 0.397550 0.397550 0.397550
5684.657715 0.000000 1073.239258 0.000000 0.998645 0.000000 -0.052040 0.400793 0.400793 0.400793
5685.097168 0.000000 1074.988403 0.000000 0.982690 0.000000 -0.185259 0.403070 0.403070 0.403070
5691.993164 0.000000 1089.746704 0.000000 0.998078 0.000000 0.061978 0.398870 0.398870 0.398870
5685.071289 0.000000 1077.944458 0.000000 0.953794 0.000000 -0.300461 0.405272 0.405272 0.405272
5693.294434 0.000000 1088.718506 0.000000 0.974349 0.000000 -0.225044 0.404397 0.404397 0.404397
5686.908203 0.000000 1085.077148 0.000000 0.953757 0.000000 0.300578 0.394131 0.394131 0.394131
5686.252441 0.000000 1075.757690 0.000000 0.980790 0.000000 -0.195065 0.404029 0.404029 0.404029
5691.503906 0.000000 1075.108398 0.000000 0.989954 0.000000 0.141392 0.396387 0.396387 0.396387
5694.436523 0.000000 1083.725342 0.000000 0.995390 0.000000 -0.095913 0.402446 0.402446 0.402446
5689.506836 0.000000 1080.775757 0.000000 0.998704 0.000000 -0.050898 0.401297 0.401297 0.401297
5702.475098 0.000000 1087.793823 0.000000 0.999993 0.000000 0.003846 0.399941 0.399941 0.399941
5705.693359 0.000000 1082.265869 0.000000 0.966547 0.000000 -0.256491 0.404300 0.404300 0.404300
5703.015137 0.000000 1081.425171 0.000000 0.994108 0.000000 0.108397 0.397782 0.397782 0.397782
5702.916992 0.000000 1075.627075 0.000000 0.992277 0.000000 0.124041 0.396833 0.396833 0.396833
5708.748535 0.000000 1078.898315 0.000000 0.999937 0.000000 -0.011208 0.400242 0.400242 0.400242
5707.305176 0.000000 1080.526123 0.000000 0.992116 0.000000 -0.125319 0.403030 0.403030 0.403030
"}
object={
	name="oak_dense_generator_2_3"
	clamp_to_water_level=no
	render_under_water=no
	generated_content=yes
	layer="semidynamic_medium"
	pdxmesh="oak_tree_04_mesh"
	count=149
	transform="5592.887695 0.000000 945.350220 0.000000 0.877326 0.000000 -0.479894 0.408797 0.408797 0.408797
5585.033691 0.000000 943.710876 0.000000 0.603844 0.000000 -0.797102 0.415062 0.415062 0.415062
5618.490723 0.000000 926.539551 0.000000 0.619235 0.000000 -0.785206 0.414789 0.414789 0.414789
5584.278320 0.000000 917.305786 0.000000 0.858814 0.000000 -0.512288 0.408567 0.408567 0.408567
5628.771484 0.000000 940.834106 0.000000 0.916907 0.000000 -0.399100 0.407687 0.407687 0.407687
5592.332520 0.000000 938.954407 0.000000 0.782614 0.000000 -0.622507 0.411609 0.411609 0.411609
5620.072754 0.000000 952.253174 0.000000 0.628550 0.000000 -0.777769 0.415439 0.415439 0.415439
5592.422363 0.000000 933.450256 0.000000 0.926573 0.000000 -0.376114 0.406950 0.406950 0.406950
5607.039551 0.000000 943.911621 0.000000 0.778900 0.000000 -0.627149 0.412693 0.412693 0.412693
5598.652344 0.000000 915.835388 0.000000 0.594657 0.000000 -0.803980 0.415156 0.415156 0.415156
5621.188965 0.000000 958.162720 0.000000 0.950735 0.000000 -0.310003 0.405603 0.405603 0.405603
5605.294434 0.000000 948.706116 0.000000 0.703470 0.000000 -0.710725 0.414486 0.414486 0.414486
5628.473145 0.000000 930.734070 0.000000 0.804377 0.000000 -0.594119 0.410832 0.410832 0.410832
5601.128418 0.000000 944.513184 0.000000 0.621366 0.000000 -0.783521 0.417712 0.417712 0.417712
5586.442383 0.000000 918.766663 0.000000 0.913827 0.000000 -0.406105 0.407183 0.407183 0.407183
5593.349609 0.000000 923.700684 0.000000 0.740076 0.000000 -0.672523 0.414327 0.414327 0.414327
5623.822754 0.000000 935.043152 0.000000 0.743504 0.000000 -0.668731 0.414593 0.414593 0.414593
5598.190918 0.000000 940.803833 0.000000 0.927514 0.000000 -0.373789 0.407594 0.407594 0.407594
5620.122559 0.000000 941.415161 0.000000 0.883555 0.000000 -0.468327 0.409686 0.409686 0.409686
5605.265137 0.000000 923.413513 0.000000 0.883654 0.000000 -0.468140 0.408222 0.408222 0.408222
5596.899902 0.000000 955.298706 0.000000 0.846422 0.000000 -0.532513 0.411076 0.411076 0.411076
5607.382324 0.000000 937.368469 0.000000 0.860731 0.000000 -0.509060 0.410560 0.410560 0.410560
5618.861328 0.000000 959.267456 0.000000 0.768441 0.000000 -0.639921 0.412759 0.412759 0.412759
5605.366211 0.000000 955.449646 0.000000 0.682365 0.000000 -0.731012 0.415800 0.415800 0.415800
5590.338379 0.000000 916.732483 0.000000 0.749950 0.000000 -0.661495 0.413859 0.413859 0.413859
5593.632324 0.000000 918.967529 0.000000 0.834287 0.000000 -0.551331 0.411721 0.411721 0.411721
5586.634277 0.000000 949.018677 0.000000 0.758605 0.000000 -0.651550 0.413181 0.413181 0.413181
5617.135254 0.000000 930.586914 0.000000 0.858833 0.000000 -0.512255 0.410097 0.410097 0.410097
5622.280273 0.000000 950.329346 0.000000 0.753940 0.000000 -0.656944 0.413313 0.413313 0.413313
5594.692383 0.000000 916.200928 0.000000 0.630714 0.000000 -0.776016 0.416633 0.416633 0.416633
5593.045410 0.000000 915.641846 0.000000 0.626786 0.000000 -0.779192 0.416638 0.416638 0.416638
5599.303223 0.000000 930.761414 0.000000 0.668468 0.000000 -0.743741 0.416205 0.416205 0.416205
5591.560547 0.000000 921.275818 0.000000 0.939599 0.000000 -0.342276 0.406628 0.406628 0.406628
5592.325195 0.000000 952.890259 0.000000 0.775174 0.000000 -0.631748 0.413418 0.413418 0.413418
5589.894043 0.000000 957.023804 0.000000 0.853673 0.000000 -0.520810 0.409737 0.409737 0.409737
5598.394531 0.000000 921.796326 0.000000 0.666826 0.000000 -0.745214 0.415114 0.415114 0.415114
5613.387695 0.000000 936.538086 0.000000 0.923287 0.000000 -0.384110 0.407657 0.407657 0.407657
5622.609375 0.000000 931.598572 0.000000 0.615763 0.000000 -0.787932 0.416402 0.416402 0.416402
5613.249512 0.000000 934.988770 0.000000 0.889692 0.000000 -0.456561 0.409375 0.409375 0.409375
5613.470215 0.000000 951.034302 0.000000 0.873045 0.000000 -0.487640 0.410148 0.410148 0.410148
5595.159668 0.000000 957.878540 0.000000 0.818598 0.000000 -0.574367 0.412250 0.412250 0.412250
5601.762207 0.000000 925.647888 0.000000 0.939144 0.000000 -0.343524 0.406671 0.406671 0.406671
5630.208984 0.000000 940.410706 0.000000 0.630182 0.000000 -0.776447 0.417134 0.417134 0.417134
5610.601562 0.000000 955.598572 0.000000 0.912844 0.000000 -0.408310 0.408190 0.408190 0.408190
5614.236328 0.000000 959.606384 0.000000 0.641895 0.000000 -0.766793 0.416144 0.416144 0.416144
5592.230957 0.000000 918.758728 0.000000 0.926805 0.000000 -0.375543 0.407727 0.407727 0.407727
5608.675293 0.000000 950.790283 0.000000 0.871261 0.000000 -0.490820 0.410144 0.410144 0.410144
5592.470703 0.000000 926.497986 0.000000 0.797387 0.000000 -0.603468 0.412324 0.412324 0.412324
5603.804199 0.000000 947.051392 0.000000 0.840632 0.000000 -0.541607 0.411345 0.411345 0.411345
5607.243164 0.000000 954.650269 0.000000 0.781463 0.000000 -0.623952 0.412784 0.412784 0.412784
5617.244629 0.000000 940.802307 0.000000 0.625603 0.000000 -0.780142 0.416801 0.416801 0.416801
5615.816406 0.000000 949.538330 0.000000 0.859511 0.000000 -0.511118 0.410795 0.410795 0.410795
5612.208984 0.000000 957.836609 0.000000 0.815924 0.000000 -0.578159 0.411943 0.411943 0.411943
5623.777832 0.000000 932.685120 0.000000 0.788110 0.000000 -0.615534 0.412713 0.412713 0.412713
5624.862793 0.000000 937.872925 0.000000 0.727933 0.000000 -0.685649 0.414485 0.414485 0.414485
5621.408691 0.000000 932.163696 0.000000 0.861733 0.000000 -0.507362 0.410309 0.410309 0.410309
5599.182129 0.000000 951.249146 0.000000 0.758551 0.000000 -0.651613 0.413820 0.413820 0.413820
5610.544434 0.000000 940.603027 0.000000 0.823546 0.000000 -0.567250 0.411926 0.411926 0.411926
5598.022949 0.000000 947.162781 0.000000 0.606785 0.000000 -0.794866 0.418396 0.418396 0.418396
5617.743164 0.000000 943.395813 0.000000 0.920547 0.000000 -0.390632 0.407955 0.407955 0.407955
5605.123047 0.000000 942.911987 0.000000 0.619066 0.000000 -0.785339 0.417950 0.417950 0.417950
5611.365234 0.000000 946.737854 0.000000 0.643856 0.000000 -0.765147 0.417358 0.417358 0.417358
5613.871094 0.000000 953.633240 0.000000 0.693549 0.000000 -0.720410 0.416186 0.416186 0.416186
5575.914551 0.000000 962.071289 0.000000 0.735216 0.000000 -0.677833 0.409855 0.409855 0.409855
5588.832520 0.000000 972.814026 0.000000 0.907968 0.000000 -0.419040 0.406520 0.406520 0.406520
5624.473633 0.000000 968.365112 0.000000 0.737505 0.000000 -0.675342 0.410662 0.410662 0.410662
5613.585449 0.000000 970.667480 0.000000 0.646792 0.000000 -0.762667 0.413470 0.413470 0.413470
5613.587891 0.000000 968.006653 0.000000 0.836481 0.000000 -0.547996 0.409643 0.409643 0.409643
5595.120117 0.000000 962.183044 0.000000 0.616213 0.000000 -0.787580 0.417478 0.417478 0.417478
5618.999023 0.000000 967.577209 0.000000 0.863360 0.000000 -0.504588 0.409058 0.409058 0.409058
5598.021484 0.000000 968.501282 0.000000 0.944537 0.000000 -0.328405 0.405881 0.405881 0.405881
5609.963379 0.000000 967.763672 0.000000 0.748214 0.000000 -0.663457 0.413148 0.413148 0.413148
5620.916016 0.000000 967.597412 0.000000 0.768404 0.000000 -0.639965 0.411616 0.411616 0.411616
5584.790527 0.000000 968.389709 0.000000 0.922224 0.000000 -0.386656 0.406641 0.406641 0.406641
5592.779785 0.000000 964.770935 0.000000 0.633722 0.000000 -0.773561 0.417620 0.417620 0.417620
5587.935547 0.000000 969.992798 0.000000 0.790511 0.000000 -0.612448 0.411190 0.411190 0.411190
5621.071289 0.000000 964.975647 0.000000 0.937753 0.000000 -0.347303 0.406252 0.406252 0.406252
5600.131348 0.000000 965.353760 0.000000 0.941172 0.000000 -0.337927 0.406885 0.406885 0.406885
5612.188965 0.000000 965.255493 0.000000 0.840993 0.000000 -0.541046 0.410733 0.410733 0.410733
5599.750977 0.000000 966.817322 0.000000 0.607715 0.000000 -0.794155 0.417090 0.417090 0.417090
5592.231445 0.000000 961.912720 0.000000 0.774492 0.000000 -0.632584 0.413576 0.413576 0.413576
5648.382324 0.000000 959.566406 0.000000 0.770691 0.000000 -0.637210 0.410694 0.410694 0.410694
5653.917480 0.000000 948.012268 0.000000 0.894735 0.000000 -0.446597 0.408114 0.408114 0.408114
5642.618164 0.000000 955.193237 0.000000 0.748546 0.000000 -0.663083 0.413067 0.413067 0.413067
5636.679688 0.000000 956.364929 0.000000 0.616443 0.000000 -0.787399 0.414576 0.414576 0.414576
5642.780273 0.000000 938.533813 0.000000 0.785298 0.000000 -0.619118 0.410901 0.410901 0.410901
5637.351074 0.000000 941.875977 0.000000 0.793250 0.000000 -0.608896 0.412454 0.412454 0.412454
5639.784180 0.000000 957.066406 0.000000 0.892225 0.000000 -0.451592 0.407697 0.407697 0.407697
5638.073242 0.000000 957.537476 0.000000 0.939124 0.000000 -0.343579 0.405761 0.405761 0.405761
5640.564453 0.000000 955.481079 0.000000 0.921321 0.000000 -0.388804 0.407138 0.407138 0.407138
5648.024902 0.000000 945.168579 0.000000 0.874359 0.000000 -0.485279 0.409158 0.409158 0.409158
5646.057129 0.000000 955.585876 0.000000 0.758408 0.000000 -0.651780 0.412797 0.412797 0.412797
5635.051758 0.000000 953.602478 0.000000 0.834661 0.000000 -0.550763 0.410834 0.410834 0.410834
5635.162109 0.000000 955.801697 0.000000 0.928996 0.000000 -0.370090 0.406606 0.406606 0.406606
5650.634277 0.000000 949.018677 0.000000 0.728951 0.000000 -0.684566 0.414005 0.414005 0.414005
5635.329590 0.000000 939.178284 0.000000 0.862588 0.000000 -0.505908 0.409932 0.409932 0.409932
5650.425781 0.000000 952.602173 0.000000 0.935353 0.000000 -0.353715 0.406481 0.406481 0.406481
5638.382324 0.000000 940.749939 0.000000 0.743130 0.000000 -0.669147 0.413616 0.413616 0.413616
5648.398438 0.000000 948.806458 0.000000 0.865287 0.000000 -0.501277 0.410277 0.410277 0.410277
5651.616211 0.000000 950.008667 0.000000 0.845215 0.000000 -0.534426 0.410473 0.410473 0.410473
5665.910645 0.000000 1059.041626 0.000000 0.670557 0.000000 -0.741858 0.413230 0.413230 0.413230
5675.659668 0.000000 1052.898438 0.000000 0.720715 0.000000 -0.693231 0.411512 0.411512 0.411512
5692.312988 0.000000 1040.473633 0.000000 0.871166 0.000000 -0.490989 0.408457 0.408457 0.408457
5663.972656 0.000000 1041.099731 0.000000 0.849725 0.000000 -0.527226 0.410287 0.410287 0.410287
5662.190918 0.000000 1053.772583 0.000000 0.754632 0.000000 -0.656149 0.413222 0.413222 0.413222
5694.038574 0.000000 1040.702026 0.000000 0.652122 0.000000 -0.758114 0.421910 0.421910 0.421910
5692.201172 0.000000 1037.309326 0.000000 0.915049 0.000000 -0.403343 0.408105 0.408105 0.408105
5664.594727 0.000000 1036.357178 0.000000 0.647947 0.000000 -0.761685 0.416775 0.416775 0.416775
5665.853027 0.000000 1028.483521 0.000000 0.677852 0.000000 -0.735199 0.414641 0.414641 0.414641
5693.240234 0.000000 1030.750000 0.000000 0.820816 0.000000 -0.571193 0.415087 0.415087 0.415087
5665.762207 0.000000 1038.616577 0.000000 0.925101 0.000000 -0.379721 0.407896 0.407896 0.407896
5661.379395 0.000000 1028.194092 0.000000 0.895351 0.000000 -0.445360 0.410279 0.410279 0.410279
5695.927246 0.000000 1031.464111 0.000000 0.739230 0.000000 -0.673454 0.415716 0.415716 0.415716
5659.559082 0.000000 1052.608032 0.000000 0.700678 0.000000 -0.713478 0.415312 0.415312 0.415312
5690.406250 0.000000 1055.799072 0.000000 0.885796 0.000000 -0.464074 0.412289 0.412289 0.412289
5682.113770 0.000000 1062.474121 0.000000 0.792255 0.000000 -0.610191 0.416713 0.416713 0.416713
5666.136719 0.000000 1044.842529 0.000000 0.846178 0.000000 -0.532900 0.414312 0.414312 0.414312
5688.008301 0.000000 1058.968140 0.000000 0.938642 0.000000 -0.344892 0.407631 0.407631 0.407631
5692.205566 0.000000 1046.716064 0.000000 0.804721 0.000000 -0.593653 0.415392 0.415392 0.415392
5660.514160 0.000000 1030.515503 0.000000 0.727495 0.000000 -0.686113 0.417669 0.417669 0.417669
5713.939453 0.000000 1058.514282 0.000000 0.614878 0.000000 -0.788622 0.412975 0.412975 0.412975
5710.368652 0.000000 1072.572266 0.000000 0.606381 0.000000 -0.795174 0.414688 0.414688 0.414688
5707.557617 0.000000 1056.666504 0.000000 0.755355 0.000000 -0.655316 0.413452 0.413452 0.413452
5729.433594 0.000000 1052.522339 0.000000 0.590194 0.000000 -0.807262 0.417638 0.417638 0.417638
5728.293457 0.000000 1065.726196 0.000000 0.943862 0.000000 -0.330340 0.406774 0.406774 0.406774
5705.676758 0.000000 1031.395264 0.000000 0.808688 0.000000 -0.588238 0.412403 0.412403 0.412403
5727.740723 0.000000 1061.687378 0.000000 0.909557 0.000000 -0.415579 0.410914 0.410914 0.410914
5723.159668 0.000000 1070.847290 0.000000 0.782080 0.000000 -0.623178 0.414277 0.414277 0.414277
5722.769531 0.000000 1065.392090 0.000000 0.922870 0.000000 -0.385111 0.408389 0.408389 0.408389
5725.948242 0.000000 1057.839111 0.000000 0.655337 0.000000 -0.755337 0.421802 0.421802 0.421802
5729.152344 0.000000 1062.886597 0.000000 0.589534 0.000000 -0.807743 0.421128 0.421128 0.421128
5715.857422 0.000000 1069.415649 0.000000 0.948020 0.000000 -0.318212 0.406807 0.406807 0.406807
5711.939941 0.000000 1071.416626 0.000000 0.888270 0.000000 -0.459323 0.411080 0.411080 0.411080
5723.313477 0.000000 1064.352295 0.000000 0.921729 0.000000 -0.387834 0.408452 0.408452 0.408452
5727.890137 0.000000 1062.959961 0.000000 0.833583 0.000000 -0.552394 0.414903 0.414903 0.414903
5725.641113 0.000000 1062.474731 0.000000 0.851466 0.000000 -0.524410 0.414057 0.414057 0.414057
5724.341797 0.000000 1066.382935 0.000000 0.940069 0.000000 -0.340985 0.408861 0.408861 0.408861
5724.338867 0.000000 1061.220703 0.000000 0.841992 0.000000 -0.539490 0.414511 0.414511 0.414511
5670.581055 0.000000 1108.327515 0.000000 0.780013 0.000000 -0.625764 0.409554 0.409554 0.409554
5666.934570 0.000000 1076.772339 0.000000 0.789461 0.000000 -0.613800 0.411648 0.411648 0.411648
5661.379395 0.000000 1084.678467 0.000000 0.835841 0.000000 -0.548972 0.411200 0.411200 0.411200
5687.309570 0.000000 1081.448608 0.000000 0.815617 0.000000 -0.578592 0.413494 0.413494 0.413494
5695.022461 0.000000 1085.651123 0.000000 0.872888 0.000000 -0.487921 0.412980 0.412980 0.412980
5667.967285 0.000000 1107.477295 0.000000 0.665228 0.000000 -0.746641 0.419194 0.419194 0.419194
5692.967285 0.000000 1084.792603 0.000000 0.888155 0.000000 -0.459544 0.412159 0.412159 0.412159
5714.498535 0.000000 1077.021118 0.000000 0.789788 0.000000 -0.613380 0.409891 0.409891 0.409891
5696.712402 0.000000 1091.424072 0.000000 0.762148 0.000000 -0.647402 0.410970 0.410970 0.410970
5718.342773 0.000000 1073.348633 0.000000 0.714358 0.000000 -0.699780 0.419737 0.419737 0.419737
5714.265625 0.000000 1075.911743 0.000000 0.607355 0.000000 -0.794431 0.420399 0.420399 0.420399
"}
object={
	name="oak_dense_generator_2_4"
	clamp_to_water_level=no
	render_under_water=no
	generated_content=yes
	layer="semidynamic_medium"
	pdxmesh="oak_tree_dense_01_mesh"
	count=126
	transform="5587.991699 0.000000 936.977478 0.000000 0.404653 0.000000 -0.914470 0.416309 0.416309 0.416309
5580.721191 0.000000 942.074829 0.000000 0.522427 0.000000 -0.852684 0.414836 0.414836 0.414836
5591.935547 0.000000 940.805115 0.000000 0.347607 0.000000 -0.937640 0.419547 0.419547 0.419547
5621.005371 0.000000 955.945251 0.000000 0.429907 0.000000 -0.902873 0.418223 0.418223 0.418223
5625.072754 0.000000 953.867065 0.000000 0.559131 0.000000 -0.829080 0.416838 0.416838 0.416838
5618.103516 0.000000 952.082886 0.000000 0.506305 0.000000 -0.862354 0.418017 0.418017 0.418017
5595.966309 0.000000 913.363098 0.000000 0.503760 0.000000 -0.863844 0.417964 0.417964 0.417964
5585.219727 0.000000 915.208740 0.000000 0.365987 0.000000 -0.930620 0.418693 0.418693 0.418693
5590.604004 0.000000 942.279663 0.000000 0.583690 0.000000 -0.811976 0.416275 0.416275 0.416275
5595.528320 0.000000 938.289185 0.000000 0.386163 0.000000 -0.922431 0.421578 0.421578 0.421578
5595.504395 0.000000 917.728394 0.000000 0.548451 0.000000 -0.836183 0.418542 0.418542 0.418542
5589.452637 0.000000 925.732910 0.000000 0.469896 0.000000 -0.882722 0.418308 0.418308 0.418308
5595.877441 0.000000 915.240906 0.000000 0.195528 0.000000 -0.980698 0.424972 0.424972 0.424972
5626.250000 0.000000 937.241943 0.000000 0.191869 0.000000 -0.981420 0.427310 0.427310 0.427310
5594.057129 0.000000 939.213135 0.000000 0.204892 0.000000 -0.978785 0.425071 0.425071 0.425071
5587.881836 0.000000 942.287537 0.000000 0.331313 0.000000 -0.943521 0.420934 0.420934 0.420934
5630.675293 0.000000 955.501099 0.000000 0.054049 0.000000 -0.998538 0.426127 0.426127 0.426127
5608.687988 0.000000 926.250610 0.000000 0.133112 0.000000 -0.991101 0.424472 0.424472 0.424472
5598.924805 0.000000 943.054810 0.000000 0.533833 0.000000 -0.845590 0.420276 0.420276 0.420276
5600.293457 0.000000 952.757446 0.000000 0.100030 0.000000 -0.994984 0.427976 0.427976 0.427976
5631.210449 0.000000 938.351807 0.000000 0.411085 0.000000 -0.911597 0.422969 0.422969 0.422969
5587.704102 0.000000 917.514221 0.000000 0.082908 0.000000 -0.996557 0.425406 0.425406 0.425406
5621.385254 0.000000 934.357239 0.000000 0.411194 0.000000 -0.911548 0.422623 0.422623 0.422623
5600.594727 0.000000 923.388428 0.000000 0.581600 0.000000 -0.813475 0.417126 0.417126 0.417126
5619.824219 0.000000 948.084473 0.000000 0.065190 0.000000 -0.997873 0.429468 0.429468 0.429468
5622.362793 0.000000 937.391785 0.000000 0.497503 0.000000 -0.867462 0.419924 0.419924 0.419924
5589.229004 0.000000 917.842285 0.000000 0.300092 0.000000 -0.953910 0.423010 0.423010 0.423010
5593.935547 0.000000 944.152649 0.000000 0.553287 0.000000 -0.832991 0.417303 0.417303 0.417303
5590.351074 0.000000 922.490417 0.000000 0.275868 0.000000 -0.961196 0.423921 0.423921 0.423921
5631.025879 0.000000 953.115173 0.000000 0.161225 0.000000 -0.986918 0.425676 0.425676 0.425676
5614.867676 0.000000 934.209595 0.000000 0.371487 0.000000 -0.928438 0.422998 0.422998 0.422998
5630.913574 0.000000 949.788513 0.000000 0.384964 0.000000 -0.922931 0.423539 0.423539 0.423539
5600.284180 0.000000 945.938721 0.000000 0.150323 0.000000 -0.988637 0.427933 0.427933 0.427933
5600.608398 0.000000 935.281311 0.000000 0.576759 0.000000 -0.816914 0.418474 0.418474 0.418474
5629.976074 0.000000 944.435852 0.000000 0.443865 0.000000 -0.896094 0.420856 0.420856 0.420856
5605.604004 0.000000 926.333984 0.000000 0.112955 0.000000 -0.993600 0.427219 0.427219 0.427219
5627.962402 0.000000 942.698364 0.000000 0.199365 0.000000 -0.979925 0.425038 0.425038 0.425038
5608.728027 0.000000 946.563660 0.000000 0.005212 0.000000 -0.999986 0.430409 0.430409 0.430409
5631.883789 0.000000 942.489563 0.000000 0.421566 0.000000 -0.906798 0.420867 0.420867 0.420867
5609.205566 0.000000 960.206299 0.000000 0.156968 0.000000 -0.987604 0.428154 0.428154 0.428154
5596.286133 0.000000 925.435547 0.000000 0.567395 0.000000 -0.823445 0.419419 0.419419 0.419419
5630.871094 0.000000 947.260498 0.000000 0.017371 0.000000 -0.999849 0.429552 0.429552 0.429552
5590.249023 0.000000 960.117188 0.000000 0.091304 0.000000 -0.995823 0.428586 0.428586 0.428586
5602.377441 0.000000 947.477234 0.000000 0.346816 0.000000 -0.937933 0.424117 0.424117 0.424117
5621.635254 0.000000 942.272583 0.000000 0.017344 0.000000 -0.999850 0.430793 0.430793 0.430793
5611.008789 0.000000 930.299500 0.000000 0.400066 0.000000 -0.916486 0.421416 0.421416 0.421416
5597.209473 0.000000 959.711243 0.000000 0.276873 0.000000 -0.960906 0.424739 0.424739 0.424739
5593.036621 0.000000 928.684937 0.000000 0.314651 0.000000 -0.949207 0.423481 0.423481 0.423481
5615.960449 0.000000 946.701782 0.000000 0.380615 0.000000 -0.924733 0.422631 0.422631 0.422631
5602.454102 0.000000 944.771240 0.000000 0.350400 0.000000 -0.936600 0.423920 0.423920 0.423920
5599.813965 0.000000 926.788452 0.000000 0.005898 0.000000 -0.999983 0.430708 0.430708 0.430708
5614.049316 0.000000 941.663574 0.000000 0.024607 0.000000 -0.999697 0.429800 0.429800 0.429800
5596.436523 0.000000 920.352844 0.000000 0.544398 0.000000 -0.838827 0.418683 0.418683 0.418683
5599.786621 0.000000 937.471375 0.000000 0.147258 0.000000 -0.989098 0.428137 0.428137 0.428137
5598.176270 0.000000 954.907959 0.000000 0.161800 0.000000 -0.986824 0.427705 0.427705 0.427705
5620.695801 0.000000 939.853699 0.000000 0.315424 0.000000 -0.948951 0.424090 0.424090 0.424090
5611.818848 0.000000 941.251892 0.000000 0.522691 0.000000 -0.852522 0.420184 0.420184 0.420184
5616.927734 0.000000 948.765930 0.000000 0.301616 0.000000 -0.953429 0.424874 0.424874 0.424874
5607.743652 0.000000 939.490417 0.000000 0.085565 0.000000 -0.996333 0.429291 0.429291 0.429291
5594.696777 0.000000 923.496094 0.000000 0.518762 0.000000 -0.854919 0.420480 0.420480 0.420480
5601.152344 0.000000 949.917908 0.000000 0.293980 0.000000 -0.955812 0.424460 0.424460 0.424460
5608.703613 0.000000 958.618469 0.000000 0.131148 0.000000 -0.991363 0.427955 0.427955 0.427955
5616.316895 0.000000 945.481323 0.000000 0.489460 0.000000 -0.872026 0.420523 0.420523 0.420523
5621.881348 0.000000 945.909729 0.000000 0.560858 0.000000 -0.827912 0.418994 0.418994 0.418994
5594.372559 0.000000 956.606750 0.000000 0.117548 0.000000 -0.993067 0.429092 0.429092 0.429092
5608.763184 0.000000 975.356567 0.000000 0.429696 0.000000 -0.902973 0.415245 0.415245 0.415245
5585.219727 0.000000 971.693115 0.000000 0.271433 0.000000 -0.962457 0.420253 0.420253 0.420253
5604.749023 0.000000 969.603882 0.000000 0.385140 0.000000 -0.922858 0.420483 0.420483 0.420483
5585.145996 0.000000 962.788574 0.000000 0.480015 0.000000 -0.877260 0.420197 0.420197 0.420197
5599.632324 0.000000 970.903198 0.000000 0.440176 0.000000 -0.897912 0.418316 0.418316 0.418316
5595.133789 0.000000 963.764526 0.000000 0.393827 0.000000 -0.919185 0.422473 0.422473 0.422473
5600.052246 0.000000 960.256653 0.000000 0.252629 0.000000 -0.967563 0.424892 0.424892 0.424892
5602.757812 0.000000 965.696350 0.000000 0.548332 0.000000 -0.836261 0.419583 0.419583 0.419583
5614.200195 0.000000 961.344177 0.000000 0.488367 0.000000 -0.872638 0.420812 0.420812 0.420812
5595.970215 0.000000 961.216492 0.000000 0.291385 0.000000 -0.956606 0.425213 0.425213 0.425213
5647.590332 0.000000 955.846497 0.000000 0.493949 0.000000 -0.869491 0.419002 0.419002 0.419002
5654.911621 0.000000 944.739624 0.000000 0.261136 0.000000 -0.965302 0.420290 0.420290 0.420290
5636.166992 0.000000 952.514587 0.000000 0.382094 0.000000 -0.924123 0.421423 0.421423 0.421423
5653.843750 0.000000 954.034729 0.000000 0.153439 0.000000 -0.988158 0.423132 0.423132 0.423132
5639.440918 0.000000 954.157104 0.000000 0.410279 0.000000 -0.911960 0.420120 0.420120 0.420120
5637.832520 0.000000 935.615662 0.000000 0.423065 0.000000 -0.906099 0.418345 0.418345 0.418345
5639.260254 0.000000 950.354431 0.000000 0.440429 0.000000 -0.897787 0.421763 0.421763 0.421763
5645.317383 0.000000 956.977234 0.000000 0.186414 0.000000 -0.982471 0.423760 0.423760 0.423760
5648.310547 0.000000 951.345459 0.000000 0.339062 0.000000 -0.940764 0.423791 0.423791 0.423791
5636.140625 0.000000 945.317871 0.000000 0.151815 0.000000 -0.988409 0.427125 0.427125 0.427125
5638.562500 0.000000 947.171997 0.000000 0.541178 0.000000 -0.840908 0.418854 0.418854 0.418854
5647.354980 0.000000 949.972107 0.000000 0.338095 0.000000 -0.941112 0.424178 0.424178 0.424178
5643.735352 0.000000 947.803284 0.000000 0.416375 0.000000 -0.909193 0.422510 0.422510 0.422510
5641.995605 0.000000 952.591003 0.000000 0.395610 0.000000 -0.918419 0.422029 0.422029 0.422029
5632.421387 0.000000 947.273132 0.000000 0.484082 0.000000 -0.875023 0.419737 0.419737 0.419737
5643.583008 0.000000 950.694824 0.000000 0.518461 0.000000 -0.855101 0.420487 0.420487 0.420487
5646.365723 0.000000 946.747314 0.000000 0.399362 0.000000 -0.916793 0.422704 0.422704 0.422704
5647.671387 0.000000 961.763489 0.000000 0.399909 0.000000 -0.916555 0.417077 0.417077 0.417077
5663.005371 0.000000 1051.623413 0.000000 0.254574 0.000000 -0.967053 0.420854 0.420854 0.420854
5658.057129 0.000000 1052.181885 0.000000 0.144313 0.000000 -0.989532 0.427483 0.427483 0.427483
5691.993164 0.000000 1033.262329 0.000000 0.337745 0.000000 -0.941238 0.428349 0.428349 0.428349
5665.699219 0.000000 1030.149048 0.000000 0.474973 0.000000 -0.880000 0.421702 0.421702 0.421702
5663.443848 0.000000 1054.830078 0.000000 0.107098 0.000000 -0.994249 0.437268 0.437268 0.437268
5677.494141 0.000000 1058.359131 0.000000 0.492241 0.000000 -0.870459 0.423730 0.423730 0.423730
5679.731934 0.000000 1063.817505 0.000000 0.459125 0.000000 -0.888372 0.424412 0.424412 0.424412
5676.451660 0.000000 1060.331177 0.000000 0.043242 0.000000 -0.999065 0.438899 0.438899 0.438899
5662.669434 0.000000 1032.335205 0.000000 0.401728 0.000000 -0.915759 0.426583 0.426583 0.426583
5673.761719 0.000000 1055.707886 0.000000 0.356550 0.000000 -0.934276 0.429813 0.429813 0.429813
5692.159668 0.000000 1034.354980 0.000000 0.398861 0.000000 -0.917011 0.426539 0.426539 0.426539
5695.124512 0.000000 1040.432129 0.000000 0.360228 0.000000 -0.932864 0.430616 0.430616 0.430616
5694.514160 0.000000 1047.329468 0.000000 0.042611 0.000000 -0.999092 0.438915 0.438915 0.438915
5698.069824 0.000000 1041.540405 0.000000 0.326392 0.000000 -0.945235 0.418735 0.418735 0.418735
5730.508301 0.000000 1063.284424 0.000000 0.174796 0.000000 -0.984605 0.423336 0.423336 0.423336
5721.618652 0.000000 1068.395996 0.000000 0.428801 0.000000 -0.903399 0.419200 0.419200 0.419200
5719.416992 0.000000 1064.651489 0.000000 0.312022 0.000000 -0.950075 0.421843 0.421843 0.421843
5717.843750 0.000000 1067.003418 0.000000 0.171858 0.000000 -0.985122 0.423525 0.423525 0.423525
5703.699707 0.000000 1032.573608 0.000000 0.102461 0.000000 -0.994737 0.425217 0.425217 0.425217
5730.454102 0.000000 1057.739990 0.000000 0.155062 0.000000 -0.987905 0.436035 0.436035 0.436035
5731.804199 0.000000 1060.020142 0.000000 0.054008 0.000000 -0.998540 0.430672 0.430672 0.430672
5726.176270 0.000000 1067.876709 0.000000 0.586988 0.000000 -0.809596 0.421717 0.421717 0.421717
5727.443848 0.000000 1054.830078 0.000000 0.246225 0.000000 -0.969213 0.433665 0.433665 0.433665
5729.498047 0.000000 1064.933594 0.000000 0.043367 0.000000 -0.999059 0.430735 0.430735 0.430735
5721.064941 0.000000 1067.357422 0.000000 0.153613 0.000000 -0.988131 0.429919 0.429919 0.429919
5696.361816 0.000000 1038.354736 0.000000 0.565986 0.000000 -0.824415 0.422744 0.422744 0.422744
5697.144043 0.000000 1042.172974 0.000000 0.419240 0.000000 -0.907875 0.428984 0.428984 0.428984
5708.296875 0.000000 1070.304443 0.000000 0.498712 0.000000 -0.866768 0.422987 0.422987 0.422987
5703.570801 0.000000 1059.814575 0.000000 0.029563 0.000000 -0.999563 0.439247 0.439247 0.439247
5705.744141 0.000000 1068.869507 0.000000 0.325653 0.000000 -0.945489 0.431553 0.431553 0.431553
5686.206543 0.000000 1080.618774 0.000000 0.268463 0.000000 -0.963290 0.428409 0.428409 0.428409
5704.993164 0.000000 1076.329834 0.000000 0.354664 0.000000 -0.934994 0.422201 0.422201 0.422201
5698.728516 0.000000 1073.224976 0.000000 0.446533 0.000000 -0.894767 0.428213 0.428213 0.428213
"}
