object={
	name="oak_generator_1_0"
	clamp_to_water_level=no
	render_under_water=no
	generated_content=yes
	layer="semidynamic"
	pdxmesh="oak_tree_01_mesh"
	count=25
	transform="4578.111328 0.000000 709.427673 0.000000 0.222017 0.000000 0.975043 0.330051 0.330051 0.330051
5588.968750 0.000000 1068.843872 0.000000 0.016367 0.000000 0.999866 0.332547 0.332547 0.332547
5524.968750 0.000000 1125.328247 0.000000 0.280276 0.000000 0.959920 0.335496 0.335496 0.335496
5596.793945 0.000000 1076.044922 0.000000 0.467996 0.000000 0.883731 0.337689 0.337689 0.337689
5583.130859 0.000000 1112.574951 0.000000 0.458267 0.000000 0.888815 0.337612 0.337612 0.337612
5525.705078 0.000000 1156.555176 0.000000 0.030680 0.000000 0.999529 0.332775 0.332775 0.332775
5516.978516 0.000000 1130.423462 0.000000 0.141928 0.000000 0.989877 0.333837 0.333837 0.333837
5588.968750 0.000000 1181.812622 0.000000 0.247340 0.000000 0.968929 0.335227 0.335227 0.335227
5569.451172 0.000000 1141.863159 0.000000 0.471868 0.000000 0.881669 0.337880 0.337880 0.337880
5589.705078 0.000000 1156.555176 0.000000 0.449537 0.000000 0.893262 0.337598 0.337598 0.337598
5572.458496 0.000000 1184.153442 0.000000 0.417147 0.000000 0.908839 0.337194 0.337194 0.337194
5549.516602 0.000000 1200.905151 0.000000 0.545597 0.000000 0.838047 0.338843 0.338843 0.338843
5525.705078 0.000000 1213.039551 0.000000 0.346961 0.000000 0.937880 0.336341 0.336341 0.336341
5542.230957 0.000000 1224.700928 0.000000 0.092220 0.000000 0.995739 0.333335 0.333335 0.333335
5441.451172 0.000000 1254.831909 0.000000 0.087803 0.000000 0.996138 0.333285 0.333285 0.333285
5452.978516 0.000000 1243.392212 0.000000 0.374879 0.000000 0.927074 0.336470 0.336470 0.336470
5667.666992 0.000000 1109.689331 0.000000 0.427629 0.000000 0.903954 0.324846 0.324846 0.324846
5704.407715 0.000000 1081.015503 0.000000 0.474148 0.000000 0.880445 0.336263 0.336263 0.336263
5716.805176 0.000000 1073.270630 0.000000 0.168474 0.000000 0.985706 0.326793 0.326793 0.326793
7409.519043 0.000000 514.689026 0.000000 0.179270 0.000000 0.983800 0.333172 0.333172 0.333172
7410.318359 0.000000 508.565277 0.000000 0.262399 0.000000 0.964960 0.332778 0.332778 0.332778
7409.687988 0.000000 517.311951 0.000000 0.337968 0.000000 0.941157 0.330824 0.330824 0.330824
7455.758301 0.000000 482.034637 0.000000 0.338602 0.000000 0.940930 0.326551 0.326551 0.326551
7432.407715 0.000000 459.687347 0.000000 0.109097 0.000000 0.994031 0.333143 0.333143 0.333143
7441.436523 0.000000 475.744019 0.000000 0.420834 0.000000 0.907138 0.330438 0.330438 0.330438
"}
object={
	name="oak_generator_1_1"
	clamp_to_water_level=no
	render_under_water=no
	generated_content=yes
	layer="semidynamic"
	pdxmesh="oak_tree_02_mesh"
	count=14
	transform="5508.458496 0.000000 1127.669067 0.000000 0.918949 0.000000 0.394376 0.345448 0.345448 0.345448
5588.968750 0.000000 1125.328247 0.000000 0.818144 0.000000 0.575014 0.343095 0.343095 0.343095
5485.516602 0.000000 1200.905151 0.000000 0.598409 0.000000 0.801190 0.339606 0.339606 0.339606
5524.968750 0.000000 1238.296997 0.000000 0.724245 0.000000 0.689543 0.341457 0.341457 0.341457
5562.807129 0.000000 1192.826416 0.000000 0.640994 0.000000 0.767546 0.340137 0.340137 0.340137
5434.807129 0.000000 1249.310791 0.000000 0.835668 0.000000 0.549235 0.343446 0.343446 0.343446
5719.836426 0.000000 1067.331665 0.000000 0.860996 0.000000 0.508612 0.338391 0.338391 0.338391
5666.735840 0.000000 1112.856201 0.000000 0.723162 0.000000 0.690678 0.334811 0.334811 0.334811
5668.916016 0.000000 1101.265503 0.000000 0.790877 0.000000 0.611975 0.339124 0.339124 0.339124
5710.873047 0.000000 1081.250244 0.000000 0.685598 0.000000 0.727980 0.339527 0.339527 0.339527
5709.612305 0.000000 1076.331787 0.000000 0.745651 0.000000 0.666337 0.337128 0.337128 0.337128
7424.156738 0.000000 506.775177 0.000000 0.938843 0.000000 0.344345 0.344747 0.344747 0.344747
7437.612305 0.000000 455.003601 0.000000 0.754751 0.000000 0.656011 0.337402 0.337402 0.337402
7433.322266 0.000000 470.842621 0.000000 0.884800 0.000000 0.465972 0.341910 0.341910 0.341910
"}
object={
	name="oak_generator_1_2"
	clamp_to_water_level=no
	render_under_water=no
	generated_content=yes
	layer="semidynamic"
	pdxmesh="oak_tree_03_mesh"
	count=25
	transform="4573.237305 0.000000 711.334717 0.000000 0.976678 0.000000 0.214709 0.347268 0.347268 0.347268
5562.544434 0.000000 1113.626221 0.000000 0.958376 0.000000 0.285510 0.346762 0.346762 0.346762
5542.230957 0.000000 1111.732178 0.000000 0.999298 0.000000 -0.037470 0.350421 0.350421 0.350421
5589.705078 0.000000 1100.070801 0.000000 0.998021 0.000000 0.062886 0.349291 0.349291 0.349291
5444.458496 0.000000 1240.637817 0.000000 0.990489 0.000000 0.137593 0.348426 0.348426 0.348426
5508.458496 0.000000 1184.153442 0.000000 0.999202 0.000000 0.039935 0.349550 0.349550 0.349550
5505.451172 0.000000 1254.831909 0.000000 0.972936 0.000000 0.231073 0.347392 0.347392 0.347392
5721.621582 0.000000 1064.593628 0.000000 0.979951 0.000000 0.199237 0.347432 0.347432 0.347432
5714.579102 0.000000 1071.907593 0.000000 0.955981 0.000000 0.293430 0.344288 0.344288 0.344288
5717.934570 0.000000 1071.530762 0.000000 0.999993 0.000000 -0.003674 0.350082 0.350082 0.350082
5719.348633 0.000000 1069.717163 0.000000 0.999673 0.000000 -0.025562 0.350570 0.350570 0.350570
5670.230957 0.000000 1111.732178 0.000000 0.992797 0.000000 0.119807 0.348541 0.348541 0.348541
5663.330566 0.000000 1105.624268 0.000000 0.966437 0.000000 0.256905 0.345096 0.345096 0.345096
5663.005371 0.000000 1108.107788 0.000000 0.997822 0.000000 -0.065965 0.351148 0.351148 0.351148
5708.978516 0.000000 1073.939087 0.000000 0.994557 0.000000 -0.104192 0.351250 0.351250 0.351250
5714.283691 0.000000 1074.335815 0.000000 0.970847 0.000000 0.239699 0.346901 0.346901 0.346901
5707.486816 0.000000 1081.762695 0.000000 0.994535 0.000000 -0.104405 0.351860 0.351860 0.351860
7408.205566 0.000000 508.333740 0.000000 0.983212 0.000000 -0.182465 0.352886 0.352886 0.352886
7444.968750 0.000000 504.000092 0.000000 0.998521 0.000000 -0.054366 0.350613 0.350613 0.350613
7431.671387 0.000000 476.731567 0.000000 0.991149 0.000000 0.132756 0.347865 0.347865 0.347865
7439.272949 0.000000 473.793549 0.000000 0.987320 0.000000 -0.158744 0.351832 0.351832 0.351832
7453.237305 0.000000 485.397217 0.000000 0.994273 0.000000 -0.106873 0.351455 0.351455 0.351455
7435.486816 0.000000 460.434631 0.000000 0.964345 0.000000 0.264648 0.344535 0.344535 0.344535
7432.614258 0.000000 465.403870 0.000000 0.993942 0.000000 0.109904 0.348220 0.348220 0.348220
7447.348633 0.000000 504.873474 0.000000 0.993455 0.000000 -0.114222 0.352491 0.352491 0.352491
"}
object={
	name="oak_generator_1_3"
	clamp_to_water_level=no
	render_under_water=no
	generated_content=yes
	layer="semidynamic"
	pdxmesh="oak_tree_04_mesh"
	count=22
	transform="5572.458496 0.000000 1127.669067 0.000000 0.660482 0.000000 -0.750842 0.359536 0.359536 0.359536
5608.832520 0.000000 1076.704224 0.000000 0.785470 0.000000 -0.618900 0.357551 0.357551 0.357551
5460.968750 0.000000 1238.296997 0.000000 0.891245 0.000000 -0.453521 0.355306 0.355306 0.355306
5524.968750 0.000000 1181.812622 0.000000 0.938145 0.000000 -0.346242 0.353954 0.353954 0.353954
5505.451172 0.000000 1141.863159 0.000000 0.650210 0.000000 -0.759755 0.359727 0.359727 0.359727
5505.451172 0.000000 1198.347534 0.000000 0.675039 0.000000 -0.737782 0.359317 0.359317 0.359317
5560.065918 0.000000 1211.534424 0.000000 0.841795 0.000000 -0.539797 0.356427 0.356427 0.356427
5442.396484 0.000000 1244.518433 0.000000 0.626499 0.000000 -0.779422 0.360191 0.360191 0.360191
5524.968750 0.000000 1294.781372 0.000000 0.764528 0.000000 -0.644590 0.357865 0.357865 0.357865
5525.705078 0.000000 1269.523926 0.000000 0.839946 0.000000 -0.542670 0.356416 0.356416 0.356416
5532.793945 0.000000 1245.498047 0.000000 0.641839 0.000000 -0.766839 0.359812 0.359812 0.359812
5710.953125 0.000000 1070.690430 0.000000 0.943955 0.000000 -0.330075 0.353968 0.353968 0.353968
5712.382324 0.000000 1072.535156 0.000000 0.713621 0.000000 -0.700532 0.364005 0.364005 0.364005
5664.032227 0.000000 1110.140991 0.000000 0.631729 0.000000 -0.775189 0.368214 0.368214 0.368214
5668.276367 0.000000 1106.449829 0.000000 0.695899 0.000000 -0.718139 0.362880 0.362880 0.362880
5659.443848 0.000000 1105.468140 0.000000 0.615336 0.000000 -0.788265 0.370231 0.370231 0.370231
7433.400879 0.000000 467.994141 0.000000 0.758950 0.000000 -0.651150 0.365552 0.365552 0.365552
7435.929688 0.000000 463.880859 0.000000 0.725593 0.000000 -0.688124 0.361207 0.361207 0.361207
7458.735840 0.000000 491.528046 0.000000 0.864692 0.000000 -0.502303 0.357472 0.357472 0.357472
7433.084961 0.000000 462.692871 0.000000 0.865328 0.000000 -0.501206 0.358188 0.358188 0.358188
7427.820801 0.000000 465.680389 0.000000 0.933766 0.000000 -0.357884 0.357595 0.357595 0.357595
7426.552734 0.000000 507.951233 0.000000 0.868394 0.000000 -0.495874 0.359316 0.359316 0.359316
"}
object={
	name="oak_generator_1_4"
	clamp_to_water_level=no
	render_under_water=no
	generated_content=yes
	layer="semidynamic"
	pdxmesh="oak_tree_dense_01_mesh"
	count=15
	transform="5613.516602 0.000000 1087.936401 0.000000 0.199340 0.000000 -0.979930 0.365384 0.365384 0.365384
5599.453613 0.000000 1089.933228 0.000000 0.517084 0.000000 -0.855935 0.361625 0.361625 0.361625
5532.793945 0.000000 1132.529297 0.000000 0.235139 0.000000 -0.971962 0.365030 0.365030 0.365030
5485.516602 0.000000 1257.389526 0.000000 0.091328 0.000000 -0.995821 0.366546 0.366546 0.366546
5720.641113 0.000000 1072.443237 0.000000 0.319359 0.000000 -0.947634 0.369920 0.369920 0.369920
5667.765137 0.000000 1099.050415 0.000000 0.501101 0.000000 -0.865389 0.362749 0.362749 0.362749
5658.074219 0.000000 1103.719604 0.000000 0.374024 0.000000 -0.927419 0.374695 0.374695 0.374695
5661.237305 0.000000 1106.725342 0.000000 0.419154 0.000000 -0.907915 0.371086 0.371086 0.371086
5665.099609 0.000000 1107.152832 0.000000 0.116473 0.000000 -0.993194 0.382399 0.382399 0.382399
7408.023926 0.000000 504.410034 0.000000 0.369096 0.000000 -0.929391 0.367666 0.367666 0.367666
7408.746582 0.000000 511.597046 0.000000 0.101769 0.000000 -0.994808 0.371626 0.371626 0.371626
7425.451172 0.000000 464.050629 0.000000 0.575006 0.000000 -0.818150 0.364736 0.364736 0.364736
7450.074219 0.000000 482.391418 0.000000 0.463911 0.000000 -0.885882 0.363885 0.363885 0.363885
7424.098633 0.000000 458.823975 0.000000 0.237193 0.000000 -0.971463 0.374080 0.374080 0.374080
7428.248535 0.000000 473.174866 0.000000 0.385435 0.000000 -0.922735 0.373463 0.373463 0.373463
"}
