object={
	name="oak_generator_2_0"
	clamp_to_water_level=no
	render_under_water=no
	generated_content=yes
	layer="semidynamic_medium"
	pdxmesh="oak_tree_01_mesh"
	count=26
	transform="5616.205566 0.000000 1073.177490 0.000000 0.228313 0.000000 0.973588 0.335008 0.335008 0.335008
5605.982422 0.000000 1066.980591 0.000000 0.191865 0.000000 0.981421 0.334470 0.334470 0.334470
5530.979980 0.000000 1115.035889 0.000000 0.108052 0.000000 0.994145 0.333578 0.333578 0.333578
5522.127930 0.000000 1142.963501 0.000000 0.206023 0.000000 0.978547 0.334633 0.334633 0.334633
5519.130859 0.000000 1225.543701 0.000000 0.491442 0.000000 0.870910 0.338131 0.338131 0.338131
5545.563477 0.000000 1212.662842 0.000000 0.499146 0.000000 0.866518 0.338185 0.338185 0.338185
5530.979980 0.000000 1228.004639 0.000000 0.299425 0.000000 0.954120 0.335777 0.335777 0.335777
5567.958008 0.000000 1207.070923 0.000000 0.324177 0.000000 0.945996 0.336015 0.336015 0.336015
5575.671387 0.000000 1211.028442 0.000000 0.496225 0.000000 0.868194 0.338193 0.338193 0.338193
5516.978516 0.000000 1299.876587 0.000000 0.555344 0.000000 0.831621 0.338974 0.338974 0.338974
5668.952637 0.000000 1113.680054 0.000000 0.333509 0.000000 0.942747 0.331986 0.331986 0.331986
5664.607910 0.000000 1112.293823 0.000000 0.414545 0.000000 0.910029 0.333815 0.333815 0.333815
5666.177734 0.000000 1100.136230 0.000000 0.133195 0.000000 0.991090 0.327395 0.327395 0.327395
5669.379395 0.000000 1110.089722 0.000000 0.010247 0.000000 0.999947 0.320205 0.320205 0.320205
5662.521973 0.000000 1106.648926 0.000000 0.572305 0.000000 0.820041 0.328577 0.328577 0.328577
5710.033691 0.000000 1079.094116 0.000000 0.189030 0.000000 0.981971 0.330758 0.330758 0.330758
7431.408691 0.000000 469.712524 0.000000 0.209986 0.000000 0.977704 0.332422 0.332422 0.332422
7430.475098 0.000000 466.465637 0.000000 0.003259 0.000000 0.999995 0.328770 0.328770 0.328770
7455.330566 0.000000 484.296082 0.000000 0.210774 0.000000 0.977535 0.331424 0.331424 0.331424
7432.953125 0.000000 477.805695 0.000000 0.328682 0.000000 0.944441 0.331534 0.331534 0.331534
7424.369629 0.000000 462.776917 0.000000 0.525706 0.000000 0.850666 0.330356 0.330356 0.330356
7427.049316 0.000000 464.145874 0.000000 0.586633 0.000000 0.809853 0.330412 0.330412 0.330412
7428.846680 0.000000 466.782288 0.000000 0.519418 0.000000 0.854520 0.327393 0.327393 0.327393
7430.267578 0.000000 476.315063 0.000000 0.347135 0.000000 0.937815 0.330498 0.330498 0.330498
7459.658203 0.000000 492.430359 0.000000 0.404809 0.000000 0.914401 0.329177 0.329177 0.329177
7424.042480 0.000000 508.366699 0.000000 0.073623 0.000000 0.997286 0.330378 0.330378 0.330378
"}
object={
	name="oak_generator_2_1"
	clamp_to_water_level=no
	render_under_water=no
	generated_content=yes
	layer="semidynamic_medium"
	pdxmesh="oak_tree_02_mesh"
	count=24
	transform="5594.979980 0.000000 1115.035889 0.000000 0.715821 0.000000 0.698284 0.341287 0.341287 0.341287
5594.122559 0.000000 1084.011475 0.000000 0.813372 0.000000 0.581743 0.342947 0.342947 0.342947
5498.807129 0.000000 1192.826416 0.000000 0.640168 0.000000 0.768235 0.340163 0.340163 0.340163
5569.318848 0.000000 1168.575928 0.000000 0.843086 0.000000 0.537779 0.343649 0.343649 0.343649
5580.978516 0.000000 1130.423462 0.000000 0.821133 0.000000 0.570736 0.343180 0.343180 0.343180
5552.205566 0.000000 1242.630615 0.000000 0.674142 0.000000 0.738602 0.340706 0.340706 0.340706
5541.982422 0.000000 1236.433716 0.000000 0.902286 0.000000 0.431139 0.344995 0.344995 0.344995
5468.793945 0.000000 1245.498047 0.000000 0.793888 0.000000 0.608064 0.342690 0.342690 0.342690
5448.407715 0.000000 1250.468628 0.000000 0.820854 0.000000 0.571138 0.343121 0.343121 0.343121
5532.793945 0.000000 1301.982422 0.000000 0.889837 0.000000 0.456279 0.344701 0.344701 0.344701
5719.398438 0.000000 1072.519043 0.000000 0.714195 0.000000 0.699947 0.333504 0.333504 0.333504
5668.099609 0.000000 1111.520874 0.000000 0.752260 0.000000 0.658866 0.336267 0.336267 0.336267
5656.422363 0.000000 1102.903320 0.000000 0.898812 0.000000 0.438335 0.342308 0.342308 0.342308
5668.830078 0.000000 1108.130859 0.000000 0.887328 0.000000 0.461140 0.342504 0.342504 0.342504
5667.658203 0.000000 1113.758423 0.000000 0.742670 0.000000 0.669657 0.335382 0.335382 0.335382
5666.421875 0.000000 1109.695068 0.000000 0.814972 0.000000 0.579500 0.336227 0.336227 0.336227
5664.813965 0.000000 1111.057861 0.000000 0.652131 0.000000 0.758106 0.332332 0.332332 0.332332
5711.104980 0.000000 1076.105713 0.000000 0.747960 0.000000 0.663744 0.337316 0.337316 0.337316
7406.880859 0.000000 502.410583 0.000000 0.803922 0.000000 0.594735 0.341596 0.341596 0.341596
7440.278320 0.000000 472.594269 0.000000 0.856861 0.000000 0.515547 0.341646 0.341646 0.341646
7430.595703 0.000000 477.874084 0.000000 0.915788 0.000000 0.401662 0.343373 0.343373 0.343373
7454.348145 0.000000 482.213409 0.000000 0.890567 0.000000 0.454852 0.340964 0.340964 0.340964
7458.454102 0.000000 492.896240 0.000000 0.826274 0.000000 0.563269 0.339204 0.339204 0.339204
7429.575684 0.000000 473.223511 0.000000 0.657050 0.000000 0.753847 0.332951 0.332951 0.332951
"}
object={
	name="oak_generator_2_2"
	clamp_to_water_level=no
	render_under_water=no
	generated_content=yes
	layer="semidynamic_medium"
	pdxmesh="oak_tree_03_mesh"
	count=29
	transform="5598.236816 0.000000 1069.248657 0.000000 0.999645 0.000000 0.026650 0.349698 0.349698 0.349698
5552.205566 0.000000 1129.661865 0.000000 0.983325 0.000000 0.181855 0.347955 0.347955 0.347955
5541.982422 0.000000 1123.464966 0.000000 0.972638 0.000000 0.232327 0.347357 0.347357 0.347357
5515.959473 0.000000 1121.693970 0.000000 0.988462 0.000000 0.151471 0.348286 0.348286 0.348286
5586.127930 0.000000 1086.479126 0.000000 0.978437 0.000000 0.206547 0.347655 0.347655 0.347655
5488.205566 0.000000 1186.146240 0.000000 0.962365 0.000000 0.271762 0.346922 0.346922 0.346922
5434.368164 0.000000 1238.097778 0.000000 0.993775 0.000000 -0.111404 0.351263 0.351263 0.351263
5455.130859 0.000000 1225.543701 0.000000 0.994505 0.000000 0.104690 0.348818 0.348818 0.348818
5506.396484 0.000000 1131.549683 0.000000 0.962922 0.000000 -0.269779 0.353091 0.353091 0.353091
5596.793945 0.000000 1132.529297 0.000000 0.996683 0.000000 -0.081377 0.350911 0.350911 0.350911
5505.318848 0.000000 1225.060303 0.000000 0.992808 0.000000 -0.119714 0.351342 0.351342 0.351342
5516.978516 0.000000 1186.907837 0.000000 0.974714 0.000000 -0.223456 0.352530 0.352530 0.352530
5559.638184 0.000000 1201.915283 0.000000 0.971472 0.000000 -0.237153 0.352699 0.352699 0.352699
5508.458496 0.000000 1297.122192 0.000000 0.958553 0.000000 0.284914 0.346769 0.346769 0.346769
5669.817871 0.000000 1106.769897 0.000000 0.969624 0.000000 -0.244601 0.353973 0.353973 0.353973
5659.529297 0.000000 1103.889038 0.000000 0.994850 0.000000 -0.101362 0.352112 0.352112 0.352112
5664.342773 0.000000 1108.248535 0.000000 0.967774 0.000000 0.251820 0.344328 0.344328 0.344328
5659.792969 0.000000 1102.643921 0.000000 0.994068 0.000000 -0.108761 0.352266 0.352266 0.352266
5660.419922 0.000000 1104.745972 0.000000 0.982735 0.000000 -0.185019 0.354146 0.354146 0.354146
5660.046387 0.000000 1106.517212 0.000000 0.988772 0.000000 0.149434 0.347221 0.347221 0.347221
5710.623047 0.000000 1077.914429 0.000000 0.974035 0.000000 -0.226398 0.353991 0.353991 0.353991
7408.748535 0.000000 509.771667 0.000000 0.993844 0.000000 0.110790 0.348254 0.348254 0.348254
7424.371582 0.000000 456.959839 0.000000 0.974595 0.000000 0.223974 0.346585 0.346585 0.346585
7459.619629 0.000000 493.781860 0.000000 0.957453 0.000000 -0.288588 0.355282 0.355282 0.355282
7440.985352 0.000000 474.050842 0.000000 0.975249 0.000000 0.221108 0.346162 0.346162 0.346162
7427.094727 0.000000 506.659180 0.000000 0.999219 0.000000 -0.039504 0.350710 0.350710 0.350710
7425.219727 0.000000 459.893585 0.000000 0.981281 0.000000 0.192584 0.346495 0.346495 0.346495
7426.597656 0.000000 465.340027 0.000000 0.977501 0.000000 -0.210929 0.354410 0.354410 0.354410
7452.419922 0.000000 483.417877 0.000000 0.963363 0.000000 0.268201 0.343950 0.343950 0.343950
"}
object={
	name="oak_generator_2_3"
	clamp_to_water_level=no
	render_under_water=no
	generated_content=yes
	layer="semidynamic_medium"
	pdxmesh="oak_tree_04_mesh"
	count=24
	transform="5579.959473 0.000000 1121.693970 0.000000 0.858875 0.000000 -0.512185 0.356061 0.356061 0.356061
5605.432617 0.000000 1084.230225 0.000000 0.611768 0.000000 -0.791037 0.360325 0.360325 0.360325
5590.478027 0.000000 1108.096436 0.000000 0.748088 0.000000 -0.663600 0.358211 0.358211 0.358211
5552.205566 0.000000 1186.146240 0.000000 0.601848 0.000000 -0.798611 0.360346 0.360346 0.360346
5524.569336 0.000000 1135.073975 0.000000 0.908626 0.000000 -0.417611 0.354875 0.354875 0.354875
5586.127930 0.000000 1142.963501 0.000000 0.707517 0.000000 -0.706696 0.358812 0.358812 0.358812
5570.396484 0.000000 1188.034058 0.000000 0.780454 0.000000 -0.625213 0.357613 0.357613 0.357613
5471.453613 0.000000 1259.386353 0.000000 0.687779 0.000000 -0.725920 0.359122 0.359122 0.359122
5458.127930 0.000000 1255.932251 0.000000 0.588408 0.000000 -0.808564 0.360574 0.360574 0.360574
5511.671387 0.000000 1267.512817 0.000000 0.614338 0.000000 -0.789043 0.360209 0.360209 0.360209
5715.443848 0.000000 1066.638550 0.000000 0.633667 0.000000 -0.773606 0.361632 0.361632 0.361632
5718.249023 0.000000 1073.085938 0.000000 0.945379 0.000000 -0.325974 0.357065 0.357065 0.357065
5716.196289 0.000000 1065.481079 0.000000 0.948300 0.000000 -0.317375 0.355432 0.355432 0.355432
5659.528320 0.000000 1107.742310 0.000000 0.867975 0.000000 -0.496609 0.357152 0.357152 0.357152
5666.559570 0.000000 1106.408569 0.000000 0.900014 0.000000 -0.435860 0.360049 0.360049 0.360049
5667.500488 0.000000 1100.787720 0.000000 0.825363 0.000000 -0.564603 0.359436 0.359436 0.359436
5657.742188 0.000000 1102.254395 0.000000 0.600514 0.000000 -0.799614 0.365708 0.365708 0.365708
5661.685059 0.000000 1107.957764 0.000000 0.596868 0.000000 -0.802339 0.367250 0.367250 0.367250
5658.203125 0.000000 1105.808960 0.000000 0.874463 0.000000 -0.485091 0.361285 0.361285 0.361285
5709.487793 0.000000 1083.219849 0.000000 0.947399 0.000000 -0.320056 0.354256 0.354256 0.354256
7452.947754 0.000000 481.946838 0.000000 0.608740 0.000000 -0.793369 0.361370 0.361370 0.361370
7435.084961 0.000000 462.253662 0.000000 0.801366 0.000000 -0.598174 0.359469 0.359469 0.359469
7424.233887 0.000000 465.318237 0.000000 0.817831 0.000000 -0.575459 0.359430 0.359430 0.359430
7432.616211 0.000000 469.118652 0.000000 0.675508 0.000000 -0.737352 0.366663 0.366663 0.366663
"}
object={
	name="oak_generator_2_4"
	clamp_to_water_level=no
	render_under_water=no
	generated_content=yes
	layer="semidynamic_medium"
	pdxmesh="oak_tree_dense_01_mesh"
	count=21
	transform="5424.205566 0.000000 1242.630615 0.000000 0.289330 0.000000 -0.957229 0.364286 0.364286 0.364286
5451.959473 0.000000 1234.662720 0.000000 0.105610 0.000000 -0.994408 0.366641 0.366641 0.366641
5505.318848 0.000000 1168.575928 0.000000 0.133584 0.000000 -0.991037 0.366070 0.366070 0.366070
5512.407715 0.000000 1137.499878 0.000000 0.292154 0.000000 -0.956371 0.364475 0.364475 0.364475
5599.453613 0.000000 1146.417603 0.000000 0.212434 0.000000 -0.977175 0.365234 0.365234 0.365234
5535.453613 0.000000 1202.901978 0.000000 0.453290 0.000000 -0.891363 0.362355 0.362355 0.362355
5580.978516 0.000000 1186.907837 0.000000 0.084426 0.000000 -0.996430 0.366688 0.366688 0.366688
5670.646484 0.000000 1105.360352 0.000000 0.378885 0.000000 -0.925444 0.365805 0.365805 0.365805
5664.801270 0.000000 1101.518311 0.000000 0.088185 0.000000 -0.996104 0.370921 0.370921 0.370921
5663.786621 0.000000 1106.924561 0.000000 0.095185 0.000000 -0.995460 0.382876 0.382876 0.382876
5706.359863 0.000000 1081.020630 0.000000 0.165662 0.000000 -0.986183 0.374972 0.374972 0.374972
7409.129395 0.000000 502.280914 0.000000 0.478103 0.000000 -0.878304 0.364617 0.364617 0.364617
7427.913086 0.000000 462.811523 0.000000 0.398440 0.000000 -0.917195 0.364963 0.364963 0.364963
7433.693359 0.000000 460.937744 0.000000 0.340175 0.000000 -0.940362 0.370476 0.370476 0.370476
7453.614258 0.000000 483.602936 0.000000 0.348591 0.000000 -0.937275 0.377066 0.377066 0.377066
7436.241699 0.000000 454.139832 0.000000 0.560155 0.000000 -0.828388 0.367188 0.367188 0.367188
7432.131348 0.000000 461.262756 0.000000 0.061660 0.000000 -0.998097 0.375252 0.375252 0.375252
7433.923828 0.000000 469.469452 0.000000 0.529576 0.000000 -0.848263 0.370352 0.370352 0.370352
7432.161133 0.000000 463.996399 0.000000 0.347575 0.000000 -0.937652 0.368963 0.368963 0.368963
7433.676758 0.000000 466.551514 0.000000 0.138074 0.000000 -0.990422 0.381413 0.381413 0.381413
7432.409180 0.000000 466.694489 0.000000 0.195455 0.000000 -0.980713 0.380136 0.380136 0.380136
"}
