object={
	name="oak_generator_3_0"
	clamp_to_water_level=no
	render_under_water=no
	generated_content=yes
	layer="semidynamic_high"
	pdxmesh="oak_tree_01_mesh"
	count=167
	transform="4578.937988 0.000000 708.317566 0.000000 0.317592 0.000000 0.948228 0.331522 0.331522 0.331522
5276.718750 0.000000 801.281677 0.000000 0.038304 0.000000 0.999266 0.322147 0.322147 0.322147
5262.527832 0.000000 806.949158 0.000000 0.047441 0.000000 0.998874 0.317122 0.317122 0.317122
5260.835938 0.000000 806.308289 0.000000 0.234213 0.000000 0.972185 0.322133 0.322133 0.322133
5339.443848 0.000000 823.046204 0.000000 0.019869 0.000000 0.999803 0.330147 0.330147 0.330147
5355.060059 0.000000 824.914856 0.000000 0.182625 0.000000 0.983183 0.332122 0.332122 0.332122
5336.332520 0.000000 825.985657 0.000000 0.263998 0.000000 0.964523 0.332173 0.332173 0.332173
5343.121582 0.000000 822.041504 0.000000 0.548520 0.000000 0.836137 0.334253 0.334253 0.334253
5348.296387 0.000000 817.766418 0.000000 0.272778 0.000000 0.962077 0.326699 0.326699 0.326699
5347.260742 0.000000 817.455566 0.000000 0.534447 0.000000 0.845202 0.330379 0.330379 0.330379
5353.447266 0.000000 864.170959 0.000000 0.446629 0.000000 0.894719 0.331415 0.331415 0.331415
5399.348633 0.000000 787.295349 0.000000 0.395406 0.000000 0.918507 0.335096 0.335096 0.335096
5399.724609 0.000000 761.426331 0.000000 0.435394 0.000000 0.900240 0.333162 0.333162 0.333162
5407.082031 0.000000 770.444580 0.000000 0.399823 0.000000 0.916592 0.331105 0.331105 0.331105
5396.580078 0.000000 781.894043 0.000000 0.497475 0.000000 0.867478 0.326602 0.326602 0.326602
5394.479492 0.000000 780.940369 0.000000 0.575511 0.000000 0.817794 0.330672 0.330672 0.330672
5425.734375 0.000000 752.406006 0.000000 0.390968 0.000000 0.920404 0.330641 0.330641 0.330641
5400.817383 0.000000 767.330444 0.000000 0.075285 0.000000 0.997162 0.319946 0.319946 0.319946
5389.138672 0.000000 765.835205 0.000000 0.312116 0.000000 0.950044 0.328699 0.328699 0.328699
5394.467285 0.000000 778.514038 0.000000 0.148508 0.000000 0.988911 0.322421 0.322421 0.322421
5402.685059 0.000000 770.438232 0.000000 0.314660 0.000000 0.949205 0.324373 0.324373 0.324373
5403.588867 0.000000 771.079651 0.000000 0.426462 0.000000 0.904506 0.326841 0.326841 0.326841
5400.141602 0.000000 766.329651 0.000000 0.211026 0.000000 0.977480 0.322705 0.322705 0.322705
5553.272949 0.000000 767.921814 0.000000 0.487608 0.000000 0.873063 0.338082 0.338082 0.338082
5559.432129 0.000000 783.380554 0.000000 0.385595 0.000000 0.922668 0.334035 0.334035 0.334035
5551.029785 0.000000 748.540405 0.000000 0.465270 0.000000 0.885169 0.334378 0.334378 0.334378
5531.529297 0.000000 764.982788 0.000000 0.585646 0.000000 0.810567 0.335630 0.335630 0.335630
5541.085938 0.000000 760.667786 0.000000 0.066371 0.000000 0.997795 0.326339 0.326339 0.326339
5546.783691 0.000000 767.103149 0.000000 0.222828 0.000000 0.974858 0.328946 0.328946 0.328946
5548.992676 0.000000 757.197632 0.000000 0.240832 0.000000 0.970567 0.329294 0.329294 0.329294
5559.424805 0.000000 758.566040 0.000000 0.020560 0.000000 0.999789 0.326092 0.326092 0.326092
5543.639160 0.000000 761.370056 0.000000 0.571421 0.000000 0.820657 0.335071 0.335071 0.335071
5545.341797 0.000000 762.946838 0.000000 0.126561 0.000000 0.991959 0.326975 0.326975 0.326975
5549.140625 0.000000 753.909424 0.000000 0.034469 0.000000 0.999406 0.321809 0.321809 0.321809
5541.454590 0.000000 763.480774 0.000000 0.066062 0.000000 0.997815 0.321403 0.321403 0.321403
5548.319336 0.000000 759.097229 0.000000 0.582442 0.000000 0.812872 0.333373 0.333373 0.333373
5537.256836 0.000000 771.143677 0.000000 0.178039 0.000000 0.984023 0.325981 0.325981 0.325981
5551.394531 0.000000 767.064331 0.000000 0.135191 0.000000 0.990820 0.322975 0.322975 0.322975
5550.219727 0.000000 765.488525 0.000000 0.435910 0.000000 0.899990 0.329355 0.329355 0.329355
5404.899902 0.000000 842.329956 0.000000 0.157201 0.000000 0.987567 0.329937 0.329937 0.329937
5392.398438 0.000000 835.837708 0.000000 0.218733 0.000000 0.975785 0.329765 0.329765 0.329765
5396.196289 0.000000 839.543579 0.000000 0.236122 0.000000 0.971723 0.329276 0.329276 0.329276
5402.378418 0.000000 841.455078 0.000000 0.489318 0.000000 0.872105 0.332086 0.332086 0.332086
5495.107910 0.000000 835.982544 0.000000 0.116440 0.000000 0.993198 0.333419 0.333419 0.333419
5461.422363 0.000000 815.136108 0.000000 0.340030 0.000000 0.940414 0.333638 0.333638 0.333638
5496.732422 0.000000 839.338318 0.000000 0.399655 0.000000 0.916665 0.331761 0.331761 0.331761
5486.588379 0.000000 834.562561 0.000000 0.045780 0.000000 0.998952 0.323349 0.323349 0.323349
5492.617188 0.000000 844.138306 0.000000 0.509176 0.000000 0.860663 0.326903 0.326903 0.326903
5464.429199 0.000000 814.714722 0.000000 0.585844 0.000000 0.810424 0.331217 0.331217 0.331217
5494.227051 0.000000 844.949463 0.000000 0.129853 0.000000 0.991533 0.317902 0.317902 0.317902
5466.750000 0.000000 804.192017 0.000000 0.029299 0.000000 0.999571 0.315653 0.315653 0.315653
5490.770508 0.000000 843.723694 0.000000 0.212863 0.000000 0.977082 0.319780 0.319780 0.319780
5484.896973 0.000000 839.193054 0.000000 0.254238 0.000000 0.967142 0.323827 0.323827 0.323827
5463.371094 0.000000 890.279541 0.000000 0.233004 0.000000 0.972476 0.334303 0.334303 0.334303
5471.373535 0.000000 890.698730 0.000000 0.552635 0.000000 0.833424 0.337430 0.337430 0.337430
5465.034668 0.000000 879.212158 0.000000 0.526414 0.000000 0.850228 0.335479 0.335479 0.335479
5452.970703 0.000000 894.251404 0.000000 0.130704 0.000000 0.991421 0.330689 0.330689 0.330689
5501.587402 0.000000 895.163452 0.000000 0.098005 0.000000 0.995186 0.327160 0.327160 0.327160
5502.025391 0.000000 850.393738 0.000000 0.161847 0.000000 0.986816 0.326682 0.326682 0.326682
5469.817383 0.000000 887.145081 0.000000 0.158421 0.000000 0.987372 0.325823 0.325823 0.325823
5448.396484 0.000000 886.046265 0.000000 0.379259 0.000000 0.925290 0.331516 0.331516 0.331516
5468.429199 0.000000 886.609070 0.000000 0.206296 0.000000 0.978490 0.326657 0.326657 0.326657
5503.312988 0.000000 888.540588 0.000000 0.205133 0.000000 0.978734 0.327530 0.327530 0.327530
5498.145020 0.000000 892.409790 0.000000 0.065113 0.000000 0.997878 0.324017 0.324017 0.324017
5450.347656 0.000000 887.335266 0.000000 0.361500 0.000000 0.932372 0.329747 0.329747 0.329747
5452.499512 0.000000 886.648499 0.000000 0.270873 0.000000 0.962615 0.326097 0.326097 0.326097
5462.239258 0.000000 886.796692 0.000000 0.532706 0.000000 0.846300 0.331662 0.331662 0.331662
5454.294922 0.000000 893.773926 0.000000 0.472919 0.000000 0.881106 0.329650 0.329650 0.329650
5461.995605 0.000000 887.771545 0.000000 0.331814 0.000000 0.943345 0.322536 0.322536 0.322536
5501.623047 0.000000 849.549683 0.000000 0.283341 0.000000 0.959019 0.321401 0.321401 0.321401
5455.000977 0.000000 890.949646 0.000000 0.244381 0.000000 0.969679 0.323162 0.323162 0.323162
5588.600586 0.000000 801.803223 0.000000 0.211660 0.000000 0.977343 0.329420 0.329420 0.329420
5591.759277 0.000000 799.200195 0.000000 0.475071 0.000000 0.879948 0.329320 0.329320 0.329320
5587.228027 0.000000 795.318787 0.000000 0.585293 0.000000 0.810822 0.332154 0.332154 0.332154
5591.932129 0.000000 795.786133 0.000000 0.080660 0.000000 0.996742 0.321096 0.321096 0.321096
5591.689453 0.000000 798.117249 0.000000 0.112586 0.000000 0.993642 0.321973 0.321973 0.321973
5589.934570 0.000000 902.077576 0.000000 0.469991 0.000000 0.882671 0.336911 0.336911 0.336911
5574.070312 0.000000 854.305603 0.000000 0.353378 0.000000 0.935481 0.334833 0.334833 0.334833
5581.642090 0.000000 868.917297 0.000000 0.093423 0.000000 0.995626 0.329412 0.329412 0.329412
5576.954590 0.000000 870.983643 0.000000 0.190973 0.000000 0.981595 0.329822 0.329822 0.329822
5573.850586 0.000000 865.044067 0.000000 0.116885 0.000000 0.993146 0.328280 0.328280 0.328280
5588.179199 0.000000 848.542786 0.000000 0.189732 0.000000 0.981836 0.328176 0.328176 0.328176
5606.074219 0.000000 857.112183 0.000000 0.022660 0.000000 0.999743 0.326056 0.326056 0.326056
5589.918945 0.000000 868.170715 0.000000 0.124514 0.000000 0.992218 0.324099 0.324099 0.324099
5581.181641 0.000000 849.081604 0.000000 0.482812 0.000000 0.875724 0.329956 0.329956 0.329956
5579.538086 0.000000 870.610596 0.000000 0.556970 0.000000 0.830533 0.330732 0.330732 0.330732
5579.088379 0.000000 859.863708 0.000000 0.372763 0.000000 0.927927 0.327355 0.327355 0.327355
5588.853027 0.000000 868.182007 0.000000 0.551817 0.000000 0.833965 0.332333 0.332333 0.332333
5594.146973 0.000000 863.395081 0.000000 0.421778 0.000000 0.906699 0.325743 0.325743 0.325743
5582.583984 0.000000 868.480713 0.000000 0.450320 0.000000 0.892867 0.328880 0.328880 0.328880
5587.924316 0.000000 865.073486 0.000000 0.564030 0.000000 0.825755 0.328352 0.328352 0.328352
5588.122559 0.000000 850.121765 0.000000 0.387342 0.000000 0.921936 0.325297 0.325297 0.325297
5586.353516 0.000000 867.145386 0.000000 0.147834 0.000000 0.989012 0.318306 0.318306 0.318306
5586.647949 0.000000 866.149902 0.000000 0.116082 0.000000 0.993240 0.317592 0.317592 0.317592
5465.774414 0.000000 953.449219 0.000000 0.092266 0.000000 0.995734 0.329977 0.329977 0.329977
5469.817383 0.000000 943.629456 0.000000 0.436111 0.000000 0.899893 0.331022 0.331022 0.331022
5573.119141 0.000000 920.184204 0.000000 0.099235 0.000000 0.995064 0.333029 0.333029 0.333029
5619.863281 0.000000 928.122742 0.000000 0.070943 0.000000 0.997480 0.332177 0.332177 0.332177
5577.604492 0.000000 931.204407 0.000000 0.231286 0.000000 0.972886 0.333815 0.333815 0.333815
5578.329590 0.000000 928.454590 0.000000 0.337033 0.000000 0.941493 0.334722 0.334722 0.334722
5625.678223 0.000000 918.871643 0.000000 0.245591 0.000000 0.969373 0.332895 0.332895 0.332895
5576.722168 0.000000 936.269104 0.000000 0.231073 0.000000 0.972937 0.332819 0.332819 0.332819
5620.393066 0.000000 926.143616 0.000000 0.038859 0.000000 0.999245 0.330189 0.330189 0.330189
5575.784180 0.000000 957.066406 0.000000 0.335614 0.000000 0.941999 0.332771 0.332771 0.332771
5602.375977 0.000000 920.192749 0.000000 0.452852 0.000000 0.891586 0.334754 0.334754 0.334754
5583.736328 0.000000 934.511230 0.000000 0.354101 0.000000 0.935207 0.332571 0.332571 0.332571
5630.038574 0.000000 927.733215 0.000000 0.208599 0.000000 0.978001 0.330323 0.330323 0.330323
5583.974609 0.000000 937.309875 0.000000 0.196946 0.000000 0.980414 0.330571 0.330571 0.330571
5579.039062 0.000000 920.006409 0.000000 0.142514 0.000000 0.989793 0.329539 0.329539 0.329539
5578.378418 0.000000 915.611389 0.000000 0.062087 0.000000 0.998071 0.329106 0.329106 0.329106
5601.699219 0.000000 917.180237 0.000000 0.527669 0.000000 0.849450 0.335899 0.335899 0.335899
5613.641602 0.000000 920.106995 0.000000 0.333903 0.000000 0.942608 0.332638 0.332638 0.332638
5622.238281 0.000000 960.112061 0.000000 0.127745 0.000000 0.991807 0.328569 0.328569 0.328569
5582.558105 0.000000 956.622864 0.000000 0.076558 0.000000 0.997065 0.324541 0.324541 0.324541
5586.498535 0.000000 964.052368 0.000000 0.101497 0.000000 0.994836 0.331386 0.331386 0.331386
5604.550293 0.000000 991.028381 0.000000 0.404183 0.000000 0.914678 0.335118 0.335118 0.335118
5608.688965 0.000000 984.634888 0.000000 0.185570 0.000000 0.982631 0.332282 0.332282 0.332282
5613.431152 0.000000 964.286072 0.000000 0.347849 0.000000 0.937551 0.333059 0.333059 0.333059
5604.990723 0.000000 960.919983 0.000000 0.509912 0.000000 0.860227 0.336018 0.336018 0.336018
5631.169434 0.000000 977.112061 0.000000 0.038684 0.000000 0.999251 0.328379 0.328379 0.328379
5610.712402 0.000000 981.452820 0.000000 0.463917 0.000000 0.885879 0.334546 0.334546 0.334546
5591.560547 0.000000 977.760193 0.000000 0.154190 0.000000 0.988041 0.328966 0.328966 0.328966
5583.446289 0.000000 976.252441 0.000000 0.467963 0.000000 0.883748 0.334516 0.334516 0.334516
5593.909180 0.000000 977.320679 0.000000 0.200538 0.000000 0.979686 0.329008 0.329008 0.329008
5605.085938 0.000000 986.605286 0.000000 0.294366 0.000000 0.955693 0.330660 0.330660 0.330660
5595.236816 0.000000 977.721252 0.000000 0.445482 0.000000 0.895291 0.331926 0.331926 0.331926
5623.696777 0.000000 969.520203 0.000000 0.457151 0.000000 0.889389 0.333336 0.333336 0.333336
5631.927246 0.000000 974.979736 0.000000 0.001818 0.000000 0.999998 0.325871 0.325871 0.325871
5581.344238 0.000000 974.524109 0.000000 0.009492 0.000000 0.999955 0.325512 0.325512 0.325512
5585.185059 0.000000 974.740417 0.000000 0.159399 0.000000 0.987214 0.328490 0.328490 0.328490
5618.592773 0.000000 965.945557 0.000000 0.483825 0.000000 0.875165 0.333004 0.333004 0.333004
5625.375000 0.000000 963.492126 0.000000 0.244017 0.000000 0.969771 0.327841 0.327841 0.327841
5585.255371 0.000000 970.522827 0.000000 0.267135 0.000000 0.963659 0.327729 0.327729 0.327729
5615.663086 0.000000 977.317566 0.000000 0.070887 0.000000 0.997484 0.323789 0.323789 0.323789
5606.709473 0.000000 971.042053 0.000000 0.280660 0.000000 0.959807 0.327464 0.327464 0.327464
5611.277832 0.000000 973.247009 0.000000 0.233476 0.000000 0.972362 0.327367 0.327367 0.327367
5604.323242 0.000000 970.735107 0.000000 0.519486 0.000000 0.854479 0.333393 0.333393 0.333393
5617.734375 0.000000 978.343506 0.000000 0.437652 0.000000 0.899144 0.331051 0.331051 0.331051
5611.242188 0.000000 977.290833 0.000000 0.135925 0.000000 0.990719 0.326123 0.326123 0.326123
5586.209473 0.000000 971.138000 0.000000 0.407140 0.000000 0.913366 0.330632 0.330632 0.330632
5630.436523 0.000000 970.756653 0.000000 0.207016 0.000000 0.978338 0.327324 0.327324 0.327324
5618.566406 0.000000 969.824768 0.000000 0.337155 0.000000 0.941449 0.328988 0.328988 0.328988
5582.007324 0.000000 1104.093384 0.000000 0.400390 0.000000 0.916345 0.336937 0.336937 0.336937
5588.089355 0.000000 1118.020020 0.000000 0.125802 0.000000 0.992055 0.333653 0.333653 0.333653
5437.512207 0.000000 1242.682373 0.000000 0.413253 0.000000 0.910616 0.337046 0.337046 0.337046
5496.065918 0.000000 1268.018799 0.000000 0.382412 0.000000 0.923992 0.336820 0.336820 0.336820
5634.269043 0.000000 957.183838 0.000000 0.178250 0.000000 0.983985 0.332065 0.332065 0.332065
5636.248535 0.000000 925.049866 0.000000 0.059615 0.000000 0.998221 0.330788 0.330788 0.330788
5665.987305 0.000000 941.363647 0.000000 0.441640 0.000000 0.897192 0.335359 0.335359 0.335359
5656.422363 0.000000 933.450256 0.000000 0.525263 0.000000 0.850940 0.336304 0.336304 0.336304
5645.021484 0.000000 936.379028 0.000000 0.175276 0.000000 0.984519 0.330746 0.330746 0.330746
5649.267090 0.000000 934.383789 0.000000 0.553556 0.000000 0.832812 0.335725 0.335725 0.335725
5638.267578 0.000000 928.190063 0.000000 0.180705 0.000000 0.983537 0.329609 0.329609 0.329609
5633.626465 0.000000 958.667358 0.000000 0.574958 0.000000 0.818183 0.335975 0.335975 0.335975
5654.292480 0.000000 935.170593 0.000000 0.234416 0.000000 0.972136 0.330531 0.330531 0.330531
5638.753418 0.000000 965.399048 0.000000 0.178241 0.000000 0.983987 0.328477 0.328477 0.328477
5633.219727 0.000000 968.252930 0.000000 0.215525 0.000000 0.976498 0.328001 0.328001 0.328001
5635.510254 0.000000 967.508423 0.000000 0.301848 0.000000 0.953356 0.328294 0.328294 0.328294
5721.752441 0.000000 1073.095947 0.000000 0.547218 0.000000 0.836990 0.334141 0.334141 0.334141
5719.622559 0.000000 1066.480591 0.000000 0.153529 0.000000 0.988144 0.319177 0.319177 0.319177
5656.998535 0.000000 1103.959839 0.000000 0.423676 0.000000 0.905814 0.330789 0.330789 0.330789
5667.812500 0.000000 1108.627197 0.000000 0.449432 0.000000 0.893315 0.325386 0.325386 0.325386
5669.165527 0.000000 1111.245972 0.000000 0.228006 0.000000 0.973660 0.324402 0.324402 0.324402
5666.144531 0.000000 1107.149658 0.000000 0.522310 0.000000 0.852755 0.327245 0.327245 0.327245
7409.352051 0.000000 505.008667 0.000000 0.077672 0.000000 0.996979 0.327887 0.327887 0.327887
7434.378418 0.000000 463.736359 0.000000 0.047737 0.000000 0.998860 0.327509 0.327509 0.327509
7425.323730 0.000000 457.932434 0.000000 0.257228 0.000000 0.966351 0.330188 0.330188 0.330188
"}
object={
	name="oak_generator_3_1"
	clamp_to_water_level=no
	render_under_water=no
	generated_content=yes
	layer="semidynamic_high"
	pdxmesh="oak_tree_02_mesh"
	count=208
	transform="5276.928223 0.000000 808.661316 0.000000 0.834023 0.000000 0.551730 0.342646 0.342646 0.342646
5274.692383 0.000000 803.232178 0.000000 0.814539 0.000000 0.580109 0.341294 0.341294 0.341294
5258.865723 0.000000 805.872070 0.000000 0.901864 0.000000 0.432021 0.340046 0.340046 0.340046
5274.146973 0.000000 806.910706 0.000000 0.858338 0.000000 0.513084 0.339196 0.339196 0.339196
5277.689453 0.000000 800.015686 0.000000 0.845387 0.000000 0.534154 0.339758 0.339758 0.339758
5294.127441 0.000000 794.084167 0.000000 0.847081 0.000000 0.531464 0.337515 0.337515 0.337515
5261.484375 0.000000 807.277527 0.000000 0.885641 0.000000 0.464370 0.339915 0.339915 0.339915
5350.646484 0.000000 822.938477 0.000000 0.610920 0.000000 0.791692 0.338784 0.338784 0.338784
5352.688965 0.000000 815.181763 0.000000 0.873524 0.000000 0.486782 0.343470 0.343470 0.343470
5345.478516 0.000000 820.802734 0.000000 0.802069 0.000000 0.597231 0.341024 0.341024 0.341024
5351.382324 0.000000 824.399719 0.000000 0.921115 0.000000 0.389291 0.344270 0.344270 0.344270
5346.559570 0.000000 823.986755 0.000000 0.933253 0.000000 0.359220 0.344911 0.344911 0.344911
5351.639160 0.000000 817.854431 0.000000 0.702099 0.000000 0.712079 0.337051 0.337051 0.337051
5348.740723 0.000000 815.883362 0.000000 0.884302 0.000000 0.466916 0.342380 0.342380 0.342380
5353.081055 0.000000 818.298584 0.000000 0.846348 0.000000 0.532630 0.340184 0.340184 0.340184
5351.486328 0.000000 819.768372 0.000000 0.779539 0.000000 0.626354 0.338349 0.338349 0.338349
5348.759766 0.000000 868.641846 0.000000 0.866999 0.000000 0.498309 0.343733 0.343733 0.343733
5353.134766 0.000000 867.207642 0.000000 0.807247 0.000000 0.590214 0.336981 0.336981 0.336981
5350.127930 0.000000 867.116211 0.000000 0.909698 0.000000 0.415271 0.340458 0.340458 0.340458
5389.872070 0.000000 762.699341 0.000000 0.727770 0.000000 0.685821 0.340557 0.340557 0.340557
5416.284180 0.000000 772.763428 0.000000 0.775311 0.000000 0.631579 0.341219 0.341219 0.341219
5388.607910 0.000000 771.232483 0.000000 0.772928 0.000000 0.634494 0.339279 0.339279 0.339279
5424.827148 0.000000 778.134766 0.000000 0.832572 0.000000 0.553917 0.340561 0.340561 0.340561
5415.291504 0.000000 773.302368 0.000000 0.797036 0.000000 0.603931 0.337818 0.337818 0.337818
5409.256836 0.000000 771.143677 0.000000 0.858549 0.000000 0.512732 0.340592 0.340592 0.340592
5402.823242 0.000000 784.017029 0.000000 0.699982 0.000000 0.714161 0.334466 0.334466 0.334466
5425.666504 0.000000 754.667480 0.000000 0.934169 0.000000 0.356830 0.342093 0.342093 0.342093
5399.335449 0.000000 769.791321 0.000000 0.881362 0.000000 0.472441 0.339638 0.339638 0.339638
5465.774414 0.000000 783.996094 0.000000 0.710514 0.000000 0.703683 0.339735 0.339735 0.339735
5557.188965 0.000000 788.709595 0.000000 0.874766 0.000000 0.484545 0.342906 0.342906 0.342906
5552.891113 0.000000 762.670959 0.000000 0.756239 0.000000 0.654296 0.339872 0.339872 0.339872
5558.280273 0.000000 780.876221 0.000000 0.931900 0.000000 0.362715 0.344665 0.344665 0.344665
5544.074707 0.000000 766.629822 0.000000 0.595222 0.000000 0.803561 0.335892 0.335892 0.335892
5535.786621 0.000000 768.018250 0.000000 0.836305 0.000000 0.548265 0.340594 0.340594 0.340594
5551.484375 0.000000 753.755981 0.000000 0.785186 0.000000 0.619260 0.339409 0.339409 0.339409
5548.134277 0.000000 769.278198 0.000000 0.830425 0.000000 0.557131 0.340189 0.340189 0.340189
5558.086914 0.000000 778.895996 0.000000 0.910261 0.000000 0.414035 0.342614 0.342614 0.342614
5538.136719 0.000000 762.420715 0.000000 0.938024 0.000000 0.346572 0.343320 0.343320 0.343320
5555.578125 0.000000 757.534180 0.000000 0.712279 0.000000 0.701896 0.335587 0.335587 0.335587
5553.734375 0.000000 752.406006 0.000000 0.894646 0.000000 0.446777 0.342331 0.342331 0.342331
5554.122070 0.000000 751.349792 0.000000 0.695644 0.000000 0.718386 0.333752 0.333752 0.333752
5528.998535 0.000000 765.053589 0.000000 0.867528 0.000000 0.497388 0.340902 0.340902 0.340902
5552.471680 0.000000 759.098633 0.000000 0.672429 0.000000 0.740162 0.334527 0.334527 0.334527
5550.371582 0.000000 758.921631 0.000000 0.756857 0.000000 0.653581 0.337645 0.337645 0.337645
5548.519531 0.000000 762.831360 0.000000 0.595814 0.000000 0.803123 0.332726 0.332726 0.332726
5546.594238 0.000000 764.885376 0.000000 0.630858 0.000000 0.775899 0.332655 0.332655 0.332655
5554.836914 0.000000 753.114746 0.000000 0.672483 0.000000 0.740113 0.331434 0.331434 0.331434
5549.784668 0.000000 767.888489 0.000000 0.871764 0.000000 0.489926 0.339956 0.339956 0.339956
5549.771973 0.000000 766.283630 0.000000 0.771729 0.000000 0.635951 0.336479 0.336479 0.336479
5555.951172 0.000000 750.111511 0.000000 0.739329 0.000000 0.673345 0.335025 0.335025 0.335025
5399.398438 0.000000 846.581482 0.000000 0.742425 0.000000 0.669929 0.338037 0.338037 0.338037
5394.479492 0.000000 837.424744 0.000000 0.756197 0.000000 0.654344 0.337690 0.337690 0.337690
5394.467285 0.000000 834.998413 0.000000 0.624637 0.000000 0.780915 0.331560 0.331560 0.331560
5398.823730 0.000000 845.839294 0.000000 0.645909 0.000000 0.763414 0.330647 0.330647 0.330647
5483.596680 0.000000 839.322754 0.000000 0.774928 0.000000 0.632049 0.341361 0.341361 0.341361
5484.655273 0.000000 842.706665 0.000000 0.842672 0.000000 0.538427 0.341206 0.341206 0.341206
5467.970215 0.000000 791.763367 0.000000 0.643198 0.000000 0.765700 0.336550 0.336550 0.336550
5466.370605 0.000000 813.371033 0.000000 0.899001 0.000000 0.437946 0.342850 0.342850 0.342850
5495.218262 0.000000 842.917786 0.000000 0.831804 0.000000 0.555069 0.339356 0.339356 0.339356
5503.644043 0.000000 846.801758 0.000000 0.794661 0.000000 0.607053 0.335465 0.335465 0.335465
5467.859375 0.000000 805.926453 0.000000 0.933897 0.000000 0.357542 0.341853 0.341853 0.341853
5491.956055 0.000000 836.216187 0.000000 0.912994 0.000000 0.407974 0.340636 0.340636 0.340636
5492.413574 0.000000 840.339294 0.000000 0.813023 0.000000 0.582232 0.337402 0.337402 0.337402
5466.105957 0.000000 811.482178 0.000000 0.737278 0.000000 0.675589 0.336713 0.336713 0.336713
5494.238281 0.000000 843.069458 0.000000 0.739440 0.000000 0.673222 0.336641 0.336641 0.336641
5490.298340 0.000000 845.509644 0.000000 0.929908 0.000000 0.367793 0.341608 0.341608 0.341608
5450.234863 0.000000 894.711548 0.000000 0.595566 0.000000 0.803306 0.337896 0.337896 0.337896
5451.735352 0.000000 891.318909 0.000000 0.942858 0.000000 0.333194 0.344984 0.344984 0.344984
5459.524902 0.000000 884.199463 0.000000 0.880803 0.000000 0.473483 0.342587 0.342587 0.342587
5452.607910 0.000000 884.201233 0.000000 0.870272 0.000000 0.492571 0.342394 0.342394 0.342394
5470.684082 0.000000 889.526184 0.000000 0.693606 0.000000 0.720354 0.337701 0.337701 0.337701
5502.147949 0.000000 892.220337 0.000000 0.754296 0.000000 0.656534 0.338892 0.338892 0.338892
5455.546387 0.000000 885.147522 0.000000 0.882901 0.000000 0.469559 0.341864 0.341864 0.341864
5468.939453 0.000000 890.878418 0.000000 0.787788 0.000000 0.615946 0.337649 0.337649 0.337649
5455.808594 0.000000 891.437012 0.000000 0.797512 0.000000 0.603303 0.336871 0.336871 0.336871
5497.960449 0.000000 893.493347 0.000000 0.864346 0.000000 0.502897 0.338259 0.338259 0.338259
5456.999512 0.000000 888.314575 0.000000 0.798588 0.000000 0.601878 0.338770 0.338770 0.338770
5468.338867 0.000000 891.767517 0.000000 0.909190 0.000000 0.416381 0.342007 0.342007 0.342007
5454.221680 0.000000 887.124573 0.000000 0.640213 0.000000 0.768197 0.330481 0.330481 0.330481
5461.793945 0.000000 883.911011 0.000000 0.787972 0.000000 0.615711 0.335221 0.335221 0.335221
5506.552734 0.000000 846.857483 0.000000 0.924849 0.000000 0.380335 0.345057 0.345057 0.345057
5593.039551 0.000000 799.408752 0.000000 0.671455 0.000000 0.741045 0.334612 0.334612 0.334612
5591.241699 0.000000 794.369202 0.000000 0.785638 0.000000 0.618686 0.337060 0.337060 0.337060
5509.108887 0.000000 896.898254 0.000000 0.768003 0.000000 0.640446 0.339189 0.339189 0.339189
5572.248535 0.000000 868.565491 0.000000 0.740504 0.000000 0.672052 0.340437 0.340437 0.340437
5593.632324 0.000000 862.483154 0.000000 0.771359 0.000000 0.636401 0.339994 0.339994 0.339994
5593.909180 0.000000 864.351929 0.000000 0.683188 0.000000 0.730243 0.338340 0.338340 0.338340
5599.069336 0.000000 856.648743 0.000000 0.664647 0.000000 0.747158 0.337245 0.337245 0.337245
5576.616211 0.000000 864.509277 0.000000 0.737493 0.000000 0.675355 0.338144 0.338144 0.338144
5584.268066 0.000000 859.543762 0.000000 0.741963 0.000000 0.670441 0.338379 0.338379 0.338379
5573.319336 0.000000 867.234070 0.000000 0.664841 0.000000 0.746985 0.335185 0.335185 0.335185
5595.859375 0.000000 862.410828 0.000000 0.922864 0.000000 0.385127 0.341554 0.341554 0.341554
5585.124023 0.000000 867.267151 0.000000 0.812539 0.000000 0.582907 0.336623 0.336623 0.336623
5575.460938 0.000000 868.208618 0.000000 0.692369 0.000000 0.721544 0.335879 0.335879 0.335879
5589.468262 0.000000 865.323608 0.000000 0.701147 0.000000 0.713017 0.332313 0.332313 0.332313
5579.444824 0.000000 861.414917 0.000000 0.909372 0.000000 0.415984 0.340441 0.340441 0.340441
5581.866699 0.000000 856.235779 0.000000 0.941694 0.000000 0.336471 0.343013 0.343013 0.343013
5581.274414 0.000000 864.606018 0.000000 0.855687 0.000000 0.517493 0.339188 0.339188 0.339188
5585.859375 0.000000 863.148132 0.000000 0.710181 0.000000 0.704019 0.332597 0.332597 0.332597
5575.664551 0.000000 864.208984 0.000000 0.794706 0.000000 0.606994 0.336834 0.336834 0.336834
5588.914551 0.000000 850.717651 0.000000 0.878789 0.000000 0.477211 0.339524 0.339524 0.339524
5574.603516 0.000000 865.476807 0.000000 0.680397 0.000000 0.732844 0.333398 0.333398 0.333398
5452.080078 0.000000 935.038818 0.000000 0.740871 0.000000 0.671647 0.340155 0.340155 0.340155
5455.974609 0.000000 937.309875 0.000000 0.916677 0.000000 0.399629 0.344288 0.344288 0.344288
5468.429199 0.000000 943.093445 0.000000 0.697480 0.000000 0.716604 0.336457 0.336457 0.336457
5463.599609 0.000000 950.636719 0.000000 0.874141 0.000000 0.485672 0.340074 0.340074 0.340074
5462.761719 0.000000 948.827759 0.000000 0.939356 0.000000 0.342945 0.342353 0.342353 0.342353
5574.363770 0.000000 913.262634 0.000000 0.932373 0.000000 0.361498 0.345475 0.345475 0.345475
5596.928223 0.000000 921.630066 0.000000 0.727405 0.000000 0.686209 0.340649 0.340649 0.340649
5624.630371 0.000000 957.205017 0.000000 0.912596 0.000000 0.408863 0.344774 0.344774 0.344774
5574.475098 0.000000 918.340637 0.000000 0.742082 0.000000 0.670309 0.340757 0.340757 0.340757
5578.166504 0.000000 910.263611 0.000000 0.643514 0.000000 0.765435 0.338803 0.338803 0.338803
5577.322266 0.000000 922.717651 0.000000 0.786285 0.000000 0.617864 0.341561 0.341561 0.341561
5618.709961 0.000000 917.839844 0.000000 0.921000 0.000000 0.389563 0.344808 0.344808 0.344808
5603.217285 0.000000 914.588562 0.000000 0.677336 0.000000 0.735674 0.339021 0.339021 0.339021
5618.516602 0.000000 919.781433 0.000000 0.760619 0.000000 0.649199 0.340307 0.340307 0.340307
5591.366211 0.000000 906.402710 0.000000 0.920371 0.000000 0.391046 0.344594 0.344594 0.344594
5627.429199 0.000000 929.062622 0.000000 0.854630 0.000000 0.519238 0.342749 0.342749 0.342749
5576.564453 0.000000 955.481079 0.000000 0.889586 0.000000 0.456768 0.343368 0.343368 0.343368
5628.201172 0.000000 924.340515 0.000000 0.893212 0.000000 0.449635 0.343337 0.343337 0.343337
5630.383301 0.000000 924.916443 0.000000 0.924796 0.000000 0.380462 0.344612 0.344612 0.344612
5584.278320 0.000000 924.469299 0.000000 0.689363 0.000000 0.724416 0.338107 0.338107 0.338107
5584.485352 0.000000 928.862183 0.000000 0.878630 0.000000 0.477502 0.342758 0.342758 0.342758
5580.917480 0.000000 921.947144 0.000000 0.692289 0.000000 0.721620 0.337884 0.337884 0.337884
5581.467285 0.000000 952.396790 0.000000 0.676675 0.000000 0.736282 0.337599 0.337599 0.337599
5581.735352 0.000000 919.418091 0.000000 0.621059 0.000000 0.783764 0.336266 0.336266 0.336266
5588.708984 0.000000 947.315430 0.000000 0.706009 0.000000 0.708203 0.338276 0.338276 0.338276
5583.028809 0.000000 916.855896 0.000000 0.933156 0.000000 0.359472 0.344409 0.344409 0.344409
5581.344238 0.000000 918.039734 0.000000 0.750276 0.000000 0.661125 0.338986 0.338986 0.338986
5589.902344 0.000000 949.236389 0.000000 0.869119 0.000000 0.494603 0.341930 0.341930 0.341930
5576.362793 0.000000 959.535034 0.000000 0.947587 0.000000 0.319499 0.344800 0.344800 0.344800
5584.554199 0.000000 956.524902 0.000000 0.859690 0.000000 0.510816 0.341427 0.341427 0.341427
5580.296875 0.000000 957.335693 0.000000 0.736186 0.000000 0.676780 0.337399 0.337399 0.337399
5584.728516 0.000000 960.240967 0.000000 0.651883 0.000000 0.758320 0.337854 0.337854 0.337854
5593.349609 0.000000 980.185059 0.000000 0.735035 0.000000 0.678029 0.339844 0.339844 0.339844
5580.617676 0.000000 976.881714 0.000000 0.856271 0.000000 0.516526 0.342222 0.342222 0.342222
5605.265137 0.000000 979.897888 0.000000 0.901539 0.000000 0.432697 0.343431 0.343431 0.343431
5579.039062 0.000000 976.490784 0.000000 0.935472 0.000000 0.353400 0.344777 0.344777 0.344777
5620.241699 0.000000 971.969177 0.000000 0.650004 0.000000 0.759931 0.336876 0.336876 0.336876
5581.322266 0.000000 964.831116 0.000000 0.915034 0.000000 0.403377 0.344123 0.344123 0.344123
5597.067383 0.000000 983.747314 0.000000 0.833685 0.000000 0.552241 0.341054 0.341054 0.341054
5597.379395 0.000000 971.709778 0.000000 0.641831 0.000000 0.766846 0.337095 0.337095 0.337095
5599.902832 0.000000 975.518066 0.000000 0.949795 0.000000 0.312873 0.345037 0.345037 0.345037
5582.755859 0.000000 969.682434 0.000000 0.912778 0.000000 0.408456 0.343492 0.343492 0.343492
5592.631836 0.000000 970.847229 0.000000 0.662162 0.000000 0.749361 0.336566 0.336566 0.336566
5615.484375 0.000000 979.693481 0.000000 0.700599 0.000000 0.713555 0.337191 0.337191 0.337191
5594.696777 0.000000 979.980469 0.000000 0.695602 0.000000 0.718428 0.337498 0.337498 0.337498
5629.505859 0.000000 968.310791 0.000000 0.852895 0.000000 0.522082 0.340809 0.340809 0.340809
5627.996582 0.000000 967.503296 0.000000 0.643259 0.000000 0.765648 0.336551 0.336551 0.336551
5604.191406 0.000000 971.939331 0.000000 0.822430 0.000000 0.568867 0.340192 0.340192 0.340192
5627.503906 0.000000 962.139648 0.000000 0.785786 0.000000 0.618499 0.338754 0.338754 0.338754
5610.844238 0.000000 969.134216 0.000000 0.815734 0.000000 0.578427 0.340137 0.340137 0.340137
5587.389160 0.000000 972.817261 0.000000 0.902146 0.000000 0.431431 0.342438 0.342438 0.342438
5628.125488 0.000000 971.128967 0.000000 0.597998 0.000000 0.801497 0.334035 0.334035 0.334035
5619.583984 0.000000 964.810303 0.000000 0.898741 0.000000 0.438480 0.342762 0.342762 0.342762
5598.762207 0.000000 982.403015 0.000000 0.824499 0.000000 0.565863 0.340067 0.340067 0.340067
5622.646973 0.000000 978.723022 0.000000 0.820189 0.000000 0.572093 0.340367 0.340367 0.340367
5609.849121 0.000000 970.906555 0.000000 0.861627 0.000000 0.507541 0.340767 0.340767 0.340767
5624.005371 0.000000 966.341614 0.000000 0.882700 0.000000 0.469937 0.342241 0.342241 0.342241
5625.471191 0.000000 976.573669 0.000000 0.732643 0.000000 0.680614 0.338030 0.338030 0.338030
5618.833984 0.000000 968.814697 0.000000 0.865795 0.000000 0.500399 0.341025 0.341025 0.341025
5622.206543 0.000000 967.650085 0.000000 0.746929 0.000000 0.664904 0.338115 0.338115 0.338115
5574.916992 0.000000 962.658325 0.000000 0.920755 0.000000 0.390141 0.343346 0.343346 0.343346
5584.122070 0.000000 971.168091 0.000000 0.923742 0.000000 0.383014 0.343268 0.343268 0.343268
5595.859375 0.000000 975.379578 0.000000 0.589701 0.000000 0.807621 0.333694 0.333694 0.333694
5600.724121 0.000000 982.650696 0.000000 0.948919 0.000000 0.315518 0.344418 0.344418 0.344418
5604.187500 0.000000 973.290100 0.000000 0.887593 0.000000 0.460629 0.341697 0.341697 0.341697
5612.757812 0.000000 970.015137 0.000000 0.657954 0.000000 0.753058 0.335098 0.335098 0.335098
5608.990723 0.000000 968.185669 0.000000 0.609224 0.000000 0.792998 0.334077 0.334077 0.334077
5602.505859 0.000000 975.665710 0.000000 0.601932 0.000000 0.798547 0.333756 0.333756 0.333756
5534.236816 0.000000 1125.733032 0.000000 0.695544 0.000000 0.718484 0.340964 0.340964 0.340964
5575.671387 0.000000 1098.059692 0.000000 0.918951 0.000000 0.394372 0.345466 0.345466 0.345466
5617.519043 0.000000 1079.532715 0.000000 0.942585 0.000000 0.333967 0.346177 0.346177 0.346177
5498.807129 0.000000 1136.342041 0.000000 0.890408 0.000000 0.455163 0.344715 0.344715 0.344715
5495.638184 0.000000 1201.915283 0.000000 0.843211 0.000000 0.537583 0.343627 0.343627 0.343627
5535.758301 0.000000 1216.331543 0.000000 0.877314 0.000000 0.479917 0.344380 0.344380 0.344380
5526.478027 0.000000 1221.065186 0.000000 0.873278 0.000000 0.487223 0.344264 0.344264 0.344264
5668.620605 0.000000 950.458496 0.000000 0.615209 0.000000 0.788364 0.339406 0.339406 0.339406
5655.293457 0.000000 927.314758 0.000000 0.770435 0.000000 0.637518 0.341936 0.341936 0.341936
5655.885254 0.000000 929.530090 0.000000 0.893981 0.000000 0.448106 0.344214 0.344214 0.344214
5667.522949 0.000000 948.395935 0.000000 0.945491 0.000000 0.325648 0.345841 0.345841 0.345841
5657.034668 0.000000 935.696533 0.000000 0.921163 0.000000 0.389176 0.344376 0.344376 0.344376
5662.190918 0.000000 940.803833 0.000000 0.734657 0.000000 0.678439 0.339771 0.339771 0.339771
5647.217285 0.000000 935.898499 0.000000 0.673156 0.000000 0.739501 0.338000 0.338000 0.338000
5639.754395 0.000000 933.716309 0.000000 0.829575 0.000000 0.558396 0.340604 0.340604 0.340604
5642.166504 0.000000 966.747986 0.000000 0.715255 0.000000 0.698864 0.340162 0.340162 0.340162
5638.912598 0.000000 960.236023 0.000000 0.895910 0.000000 0.444236 0.343745 0.343745 0.343745
5641.693359 0.000000 969.297119 0.000000 0.945331 0.000000 0.326114 0.345486 0.345486 0.345486
5637.431641 0.000000 971.011047 0.000000 0.890955 0.000000 0.454092 0.343348 0.343348 0.343348
5639.015137 0.000000 968.456482 0.000000 0.854992 0.000000 0.518641 0.341996 0.341996 0.341996
5634.732422 0.000000 968.447998 0.000000 0.622560 0.000000 0.782572 0.335707 0.335707 0.335707
5634.773438 0.000000 966.275818 0.000000 0.717971 0.000000 0.696073 0.336781 0.336781 0.336781
5715.253418 0.000000 1064.305420 0.000000 0.688199 0.000000 0.725522 0.339927 0.339927 0.339927
5714.134277 0.000000 1073.118896 0.000000 0.917234 0.000000 0.398350 0.342911 0.342911 0.342911
5715.158691 0.000000 1071.049683 0.000000 0.607693 0.000000 0.794172 0.332400 0.332400 0.332400
5658.685059 0.000000 1102.800781 0.000000 0.868766 0.000000 0.495224 0.339226 0.339226 0.339226
5668.375977 0.000000 1110.467896 0.000000 0.896363 0.000000 0.443320 0.341231 0.341231 0.341231
5664.414062 0.000000 1109.234985 0.000000 0.814516 0.000000 0.580141 0.336210 0.336210 0.336210
5667.412598 0.000000 1106.045532 0.000000 0.687516 0.000000 0.726169 0.331891 0.331891 0.331891
5714.082520 0.000000 1073.265381 0.000000 0.896310 0.000000 0.443429 0.342052 0.342052 0.342052
7408.351074 0.000000 517.268250 0.000000 0.745487 0.000000 0.666521 0.338589 0.338589 0.338589
7424.213379 0.000000 463.976654 0.000000 0.939659 0.000000 0.342113 0.343257 0.343257 0.343257
7429.924316 0.000000 467.514465 0.000000 0.890423 0.000000 0.455133 0.339575 0.339575 0.339575
7432.323730 0.000000 470.399506 0.000000 0.742840 0.000000 0.669469 0.337758 0.337758 0.337758
7436.654785 0.000000 455.579407 0.000000 0.928863 0.000000 0.370424 0.343319 0.343319 0.343319
7425.228027 0.000000 462.303497 0.000000 0.871271 0.000000 0.490802 0.340093 0.340093 0.340093
7426.182129 0.000000 464.550659 0.000000 0.788346 0.000000 0.615232 0.336248 0.336248 0.336248
7429.606445 0.000000 466.237244 0.000000 0.847509 0.000000 0.530781 0.337655 0.337655 0.337655
"}
object={
	name="oak_generator_3_2"
	clamp_to_water_level=no
	render_under_water=no
	generated_content=yes
	layer="semidynamic_high"
	pdxmesh="oak_tree_03_mesh"
	count=181
	transform="5257.676758 0.000000 805.457764 0.000000 0.975890 0.000000 0.218262 0.346799 0.346799 0.346799
5280.868164 0.000000 807.152649 0.000000 0.966284 0.000000 0.257478 0.346052 0.346052 0.346052
5276.514160 0.000000 804.578064 0.000000 0.953878 0.000000 -0.300195 0.355968 0.355968 0.355968
5263.258301 0.000000 807.702393 0.000000 0.954631 0.000000 0.297791 0.343474 0.343474 0.343474
5345.641602 0.000000 808.859863 0.000000 0.988243 0.000000 0.152891 0.348082 0.348082 0.348082
5368.742188 0.000000 820.675110 0.000000 0.962250 0.000000 0.272167 0.346520 0.346520 0.346520
5341.854004 0.000000 819.973572 0.000000 0.966444 0.000000 0.256879 0.345891 0.345891 0.345891
5344.863281 0.000000 811.605896 0.000000 0.966845 0.000000 0.255364 0.345826 0.345826 0.345826
5349.454590 0.000000 819.965149 0.000000 0.964527 0.000000 0.263985 0.345506 0.345506 0.345506
5336.817383 0.000000 823.814819 0.000000 0.999507 0.000000 0.031386 0.349435 0.349435 0.349435
5362.699707 0.000000 821.834167 0.000000 0.984463 0.000000 0.175591 0.346861 0.346861 0.346861
5346.564453 0.000000 816.761108 0.000000 0.987268 0.000000 0.159069 0.346887 0.346887 0.346887
5347.876465 0.000000 819.287354 0.000000 0.996709 0.000000 -0.081066 0.351496 0.351496 0.351496
5352.529297 0.000000 865.136169 0.000000 0.988628 0.000000 0.150382 0.347467 0.347467 0.347467
5350.880859 0.000000 867.654846 0.000000 0.957933 0.000000 0.286992 0.343514 0.343514 0.343514
5388.083496 0.000000 779.810730 0.000000 0.995865 0.000000 0.090850 0.348903 0.348903 0.348903
5390.389160 0.000000 767.681580 0.000000 0.984468 0.000000 -0.175562 0.352228 0.352228 0.352228
5403.203125 0.000000 773.614563 0.000000 0.985257 0.000000 0.171081 0.347799 0.347799 0.347799
5397.843750 0.000000 784.581604 0.000000 0.978532 0.000000 -0.206095 0.352739 0.352739 0.352739
5401.774414 0.000000 783.996094 0.000000 0.996831 0.000000 0.079550 0.348911 0.348911 0.348911
5424.927734 0.000000 779.312805 0.000000 0.990343 0.000000 0.138636 0.347764 0.347764 0.347764
5399.377441 0.000000 768.802612 0.000000 0.995860 0.000000 0.090902 0.348083 0.348083 0.348083
5395.773926 0.000000 778.237244 0.000000 0.955854 0.000000 0.293841 0.344215 0.344215 0.344215
5403.358398 0.000000 771.938049 0.000000 0.967850 0.000000 -0.251527 0.355210 0.355210 0.355210
5465.752441 0.000000 790.674072 0.000000 0.957983 0.000000 -0.286824 0.354753 0.354753 0.354753
5547.060059 0.000000 768.430481 0.000000 0.978749 0.000000 0.205064 0.347257 0.347257 0.347257
5555.561035 0.000000 760.558777 0.000000 0.999878 0.000000 0.015614 0.349792 0.349792 0.349792
5528.422363 0.000000 763.997131 0.000000 0.969041 0.000000 -0.246898 0.353324 0.353324 0.353324
5550.908691 0.000000 745.606323 0.000000 0.982210 0.000000 0.187788 0.347285 0.347285 0.347285
5556.887695 0.000000 757.883972 0.000000 0.998534 0.000000 -0.054124 0.350897 0.350897 0.350897
5557.656738 0.000000 756.940308 0.000000 0.999673 0.000000 -0.025559 0.350423 0.350423 0.350423
5551.705078 0.000000 765.580688 0.000000 0.976987 0.000000 0.213300 0.346037 0.346037 0.346037
5550.525879 0.000000 762.025085 0.000000 0.993380 0.000000 0.114876 0.347837 0.347837 0.347837
5552.795410 0.000000 744.321899 0.000000 0.989603 0.000000 -0.143823 0.352434 0.352434 0.352434
5530.905273 0.000000 767.870239 0.000000 0.999692 0.000000 -0.024804 0.350426 0.350426 0.350426
5546.742676 0.000000 758.486511 0.000000 0.995099 0.000000 -0.098886 0.351952 0.351952 0.351952
5558.952148 0.000000 778.252869 0.000000 0.973196 0.000000 -0.229977 0.354015 0.354015 0.354015
5538.564453 0.000000 760.276733 0.000000 0.993952 0.000000 0.109819 0.347918 0.347918 0.347918
5550.206055 0.000000 763.244629 0.000000 0.993746 0.000000 0.111665 0.347898 0.347898 0.347898
5536.311035 0.000000 767.062805 0.000000 0.975129 0.000000 0.221640 0.345918 0.345918 0.345918
5555.971191 0.000000 754.604736 0.000000 0.993772 0.000000 -0.111436 0.352322 0.352322 0.352322
5401.314941 0.000000 843.510986 0.000000 0.955371 0.000000 -0.295409 0.355594 0.355594 0.355594
5398.794922 0.000000 844.660645 0.000000 0.999964 0.000000 -0.008473 0.350189 0.350189 0.350189
5406.155273 0.000000 846.274963 0.000000 0.982273 0.000000 0.187456 0.346120 0.346120 0.346120
5395.773926 0.000000 834.721619 0.000000 0.995758 0.000000 -0.092010 0.351896 0.351896 0.351896
5402.448730 0.000000 838.316345 0.000000 0.972906 0.000000 0.231200 0.344903 0.344903 0.344903
5499.964844 0.000000 842.083069 0.000000 0.975199 0.000000 0.221328 0.346909 0.346909 0.346909
5490.249023 0.000000 840.461304 0.000000 0.990885 0.000000 -0.134713 0.352178 0.352178 0.352178
5462.048340 0.000000 813.894165 0.000000 0.971258 0.000000 0.238027 0.346262 0.346262 0.346262
5490.230469 0.000000 841.737610 0.000000 0.968791 0.000000 -0.247881 0.354038 0.354038 0.354038
5491.368652 0.000000 842.267151 0.000000 0.998367 0.000000 0.057129 0.348726 0.348726 0.348726
5464.484375 0.000000 790.792358 0.000000 0.998893 0.000000 0.047043 0.349231 0.349231 0.349231
5490.290039 0.000000 844.547363 0.000000 0.985049 0.000000 -0.172275 0.353858 0.353858 0.353858
5493.492676 0.000000 846.310608 0.000000 0.999612 0.000000 -0.027848 0.350462 0.350462 0.350462
5491.127441 0.000000 839.822632 0.000000 0.999582 0.000000 -0.028921 0.350562 0.350562 0.350562
5464.788574 0.000000 804.893555 0.000000 0.956240 0.000000 -0.292585 0.356616 0.356616 0.356616
5503.583984 0.000000 843.076294 0.000000 0.990178 0.000000 0.139814 0.346948 0.346948 0.346948
5462.463867 0.000000 815.023865 0.000000 0.998842 0.000000 -0.048111 0.350965 0.350965 0.350965
5462.068359 0.000000 805.508606 0.000000 0.988336 0.000000 0.152287 0.346874 0.346874 0.346874
5492.963379 0.000000 838.645996 0.000000 0.999115 0.000000 0.042071 0.349062 0.349062 0.349062
5462.711914 0.000000 808.679932 0.000000 0.996386 0.000000 0.084937 0.348328 0.348328 0.348328
5492.316406 0.000000 844.976807 0.000000 0.972272 0.000000 0.233852 0.344741 0.344741 0.344741
5499.305664 0.000000 897.044617 0.000000 0.976068 0.000000 0.217467 0.347203 0.347203 0.347203
5499.529785 0.000000 847.912598 0.000000 0.997631 0.000000 -0.068788 0.350908 0.350908 0.350908
5500.027344 0.000000 892.148010 0.000000 0.999864 0.000000 0.016500 0.349769 0.349769 0.349769
5497.099121 0.000000 894.267700 0.000000 0.960785 0.000000 0.277296 0.345605 0.345605 0.345605
5463.733887 0.000000 889.166809 0.000000 0.994469 0.000000 -0.105031 0.352345 0.352345 0.352345
5502.141113 0.000000 894.133850 0.000000 0.999135 0.000000 0.041577 0.349293 0.349293 0.349293
5460.037109 0.000000 887.014282 0.000000 0.953621 0.000000 -0.301009 0.356813 0.356813 0.356813
5468.235840 0.000000 889.942688 0.000000 0.995300 0.000000 -0.096842 0.352161 0.352161 0.352161
5456.604004 0.000000 890.923340 0.000000 0.969781 0.000000 0.243976 0.344853 0.344853 0.344853
5456.047852 0.000000 886.433044 0.000000 0.996462 0.000000 0.084044 0.348246 0.348246 0.348246
5503.875000 0.000000 849.659485 0.000000 0.984772 0.000000 -0.173852 0.353893 0.353893 0.353893
5466.283691 0.000000 888.500488 0.000000 0.996551 0.000000 0.082989 0.348149 0.348149 0.348149
5460.163574 0.000000 884.873657 0.000000 0.967528 0.000000 0.252765 0.344719 0.344719 0.344719
5460.676758 0.000000 886.434204 0.000000 0.974640 0.000000 0.223778 0.344971 0.344971 0.344971
5588.832520 0.000000 803.360901 0.000000 0.981931 0.000000 0.189241 0.347679 0.347679 0.347679
5580.955566 0.000000 846.645386 0.000000 0.995077 0.000000 -0.099103 0.351579 0.351579 0.351579
5587.737305 0.000000 797.262939 0.000000 0.997763 0.000000 -0.066856 0.351111 0.351111 0.351111
5587.257324 0.000000 794.054504 0.000000 0.999565 0.000000 -0.029500 0.350557 0.350557 0.350557
5505.657715 0.000000 847.769348 0.000000 0.967174 0.000000 0.254117 0.346037 0.346037 0.346037
5505.950684 0.000000 887.240051 0.000000 0.990960 0.000000 -0.134156 0.352169 0.352169 0.352169
5582.979980 0.000000 872.105774 0.000000 0.977776 0.000000 0.209654 0.347407 0.347407 0.347407
5603.217285 0.000000 858.104187 0.000000 0.989114 0.000000 -0.147149 0.351916 0.351916 0.351916
5582.777344 0.000000 867.517761 0.000000 0.982389 0.000000 -0.186848 0.352652 0.352652 0.352652
5581.299805 0.000000 858.732300 0.000000 0.997914 0.000000 0.064550 0.348998 0.348998 0.348998
5574.510254 0.000000 863.866028 0.000000 0.975081 0.000000 0.221848 0.346638 0.346638 0.346638
5595.824219 0.000000 860.127136 0.000000 0.984645 0.000000 -0.174568 0.352905 0.352905 0.352905
5600.901855 0.000000 854.149353 0.000000 0.999561 0.000000 0.029630 0.349499 0.349499 0.349499
5578.056641 0.000000 870.912842 0.000000 0.982136 0.000000 -0.188174 0.353722 0.353722 0.353722
5584.583008 0.000000 865.522217 0.000000 0.982179 0.000000 0.187947 0.346539 0.346539 0.346539
5584.854492 0.000000 864.189148 0.000000 0.965629 0.000000 -0.259924 0.354813 0.354813 0.354813
5578.929688 0.000000 871.277710 0.000000 0.988951 0.000000 -0.148245 0.352925 0.352925 0.352925
5587.120117 0.000000 864.434570 0.000000 0.996643 0.000000 0.081873 0.348174 0.348174 0.348174
5468.720215 0.000000 944.259155 0.000000 0.998661 0.000000 -0.051739 0.350692 0.350692 0.350692
5455.217285 0.000000 935.898499 0.000000 0.972693 0.000000 0.232094 0.346480 0.346480 0.346480
5467.906250 0.000000 942.164307 0.000000 0.999846 0.000000 -0.017573 0.350359 0.350359 0.350359
5626.028320 0.000000 916.848572 0.000000 0.984387 0.000000 0.176017 0.347890 0.347890 0.347890
5590.628418 0.000000 933.777222 0.000000 0.998050 0.000000 -0.062426 0.350745 0.350745 0.350745
5583.671387 0.000000 905.279114 0.000000 0.974330 0.000000 0.225123 0.347252 0.347252 0.347252
5628.013184 0.000000 918.614746 0.000000 0.977731 0.000000 0.209860 0.347404 0.347404 0.347404
5609.128906 0.000000 924.615662 0.000000 0.979720 0.000000 0.200371 0.347453 0.347453 0.347453
5595.678223 0.000000 908.764160 0.000000 0.998564 0.000000 -0.053573 0.350665 0.350665 0.350665
5591.348633 0.000000 956.748474 0.000000 0.953561 0.000000 -0.301201 0.353957 0.353957 0.353957
5613.585449 0.000000 914.183105 0.000000 0.975887 0.000000 0.218275 0.347183 0.347183 0.347183
5578.234863 0.000000 951.195923 0.000000 0.971036 0.000000 -0.238933 0.353131 0.353131 0.353131
5579.557617 0.000000 943.697754 0.000000 0.996378 0.000000 0.085036 0.348847 0.348847 0.348847
5580.251465 0.000000 910.586121 0.000000 0.972089 0.000000 -0.234612 0.353187 0.353187 0.353187
5583.854980 0.000000 910.279724 0.000000 0.998302 0.000000 -0.058250 0.350810 0.350810 0.350810
5624.654297 0.000000 920.962952 0.000000 0.997415 0.000000 0.071860 0.349020 0.349020 0.349020
5580.062012 0.000000 925.055420 0.000000 0.999638 0.000000 0.026897 0.349636 0.349636 0.349636
5604.560547 0.000000 917.805786 0.000000 0.998719 0.000000 -0.050602 0.350690 0.350690 0.350690
5585.862305 0.000000 940.077454 0.000000 0.997059 0.000000 -0.076641 0.351042 0.351042 0.351042
5618.132324 0.000000 923.171143 0.000000 0.992232 0.000000 -0.124404 0.351749 0.351749 0.351749
5583.824707 0.000000 927.196655 0.000000 0.999071 0.000000 -0.043088 0.350599 0.350599 0.350599
5585.288086 0.000000 908.831238 0.000000 0.995351 0.000000 -0.096310 0.351332 0.351332 0.351332
5579.049316 0.000000 953.630920 0.000000 0.999219 0.000000 0.039523 0.349446 0.349446 0.349446
5612.147461 0.000000 919.385376 0.000000 0.992015 0.000000 0.126120 0.348188 0.348188 0.348188
5605.508789 0.000000 919.138306 0.000000 0.996792 0.000000 -0.080033 0.351159 0.351159 0.351159
5607.388184 0.000000 921.810791 0.000000 0.962479 0.000000 0.271355 0.346098 0.346098 0.346098
5582.835449 0.000000 933.390625 0.000000 0.999972 0.000000 -0.007537 0.350109 0.350109 0.350109
5584.762695 0.000000 955.454102 0.000000 0.957519 0.000000 -0.288369 0.355023 0.355023 0.355023
5562.028320 0.000000 973.332947 0.000000 0.966891 0.000000 0.255189 0.346967 0.346967 0.346967
5564.271484 0.000000 968.747681 0.000000 0.996699 0.000000 0.081186 0.348949 0.348949 0.348949
5591.491699 0.000000 960.865906 0.000000 0.998364 0.000000 -0.057174 0.350652 0.350652 0.350652
5591.293457 0.000000 983.799133 0.000000 0.952098 0.000000 0.305794 0.346361 0.346361 0.346361
5626.504395 0.000000 983.993225 0.000000 0.975205 0.000000 -0.221305 0.352671 0.352671 0.352671
5584.004883 0.000000 977.702209 0.000000 0.990131 0.000000 0.140148 0.348046 0.348046 0.348046
5601.853027 0.000000 971.999146 0.000000 0.988415 0.000000 0.151776 0.347817 0.347817 0.347817
5586.461914 0.000000 976.815063 0.000000 0.999925 0.000000 -0.012228 0.350177 0.350177 0.350177
5571.916016 0.000000 964.847412 0.000000 0.996304 0.000000 0.085896 0.348689 0.348689 0.348689
5599.303223 0.000000 987.245789 0.000000 0.970837 0.000000 -0.239741 0.353607 0.353607 0.353607
5582.213379 0.000000 961.939331 0.000000 0.994523 0.000000 0.104513 0.348408 0.348408 0.348408
5605.604004 0.000000 982.818359 0.000000 0.961866 0.000000 -0.273519 0.354212 0.354212 0.354212
5605.802246 0.000000 978.511230 0.000000 0.993465 0.000000 -0.114136 0.351679 0.351679 0.351679
5581.735352 0.000000 975.902466 0.000000 0.983377 0.000000 0.181576 0.347136 0.347136 0.347136
5629.818848 0.000000 961.599609 0.000000 0.998948 0.000000 -0.045857 0.350734 0.350734 0.350734
5569.219727 0.000000 968.252930 0.000000 0.993474 0.000000 -0.114055 0.351758 0.351758 0.351758
5626.353516 0.000000 961.364807 0.000000 0.998154 0.000000 0.060739 0.349055 0.349055 0.349055
5604.154785 0.000000 967.936829 0.000000 0.986931 0.000000 -0.161142 0.352539 0.352539 0.352539
5570.597656 0.000000 973.699402 0.000000 0.990989 0.000000 -0.133943 0.352230 0.352230 0.352230
5626.750488 0.000000 974.721802 0.000000 0.989797 0.000000 0.142482 0.347645 0.347645 0.347645
5621.096680 0.000000 974.144714 0.000000 0.982196 0.000000 0.187859 0.346945 0.346945 0.346945
5582.511719 0.000000 970.868774 0.000000 0.997935 0.000000 0.064236 0.348916 0.348916 0.348916
5626.650879 0.000000 971.412354 0.000000 0.954900 0.000000 -0.296927 0.354808 0.354808 0.354808
5580.215332 0.000000 971.090698 0.000000 0.992292 0.000000 0.123924 0.347981 0.347981 0.347981
5629.552246 0.000000 969.547668 0.000000 0.999370 0.000000 0.035487 0.349406 0.349406 0.349406
5594.768555 0.000000 975.166687 0.000000 0.997210 0.000000 -0.074646 0.351296 0.351296 0.351296
5576.070801 0.000000 964.027222 0.000000 0.998713 0.000000 -0.050715 0.350838 0.350838 0.350838
5616.795410 0.000000 970.259399 0.000000 0.998686 0.000000 0.051248 0.349153 0.349153 0.349153
5628.196777 0.000000 970.004272 0.000000 0.998042 0.000000 -0.062546 0.351075 0.351075 0.351075
5617.437988 0.000000 976.409302 0.000000 0.998006 0.000000 0.063115 0.348927 0.348927 0.348927
5621.110840 0.000000 977.082092 0.000000 0.989071 0.000000 -0.147442 0.352586 0.352586 0.352586
5624.633789 0.000000 975.631531 0.000000 0.965643 0.000000 0.259872 0.345429 0.345429 0.345429
5551.722656 0.000000 1117.522827 0.000000 0.954784 0.000000 -0.297299 0.353389 0.353389 0.353389
5580.978516 0.000000 1073.939087 0.000000 0.974273 0.000000 0.225373 0.347457 0.347457 0.347457
5588.569336 0.000000 1078.589600 0.000000 0.983361 0.000000 -0.181660 0.352059 0.352059 0.352059
5496.065918 0.000000 1211.534424 0.000000 0.998762 0.000000 -0.049738 0.350556 0.350556 0.350556
5511.671387 0.000000 1154.544067 0.000000 0.959668 0.000000 0.281137 0.346813 0.346813 0.346813
5513.400879 0.000000 1145.806641 0.000000 0.998157 0.000000 0.060681 0.349316 0.349316 0.349316
5647.228516 0.000000 930.762146 0.000000 0.999996 0.000000 0.002904 0.349962 0.349962 0.349962
5650.362793 0.000000 936.386597 0.000000 0.971518 0.000000 -0.236964 0.353272 0.353272 0.353272
5662.924805 0.000000 943.054810 0.000000 0.955203 0.000000 0.295951 0.345734 0.345734 0.345734
5647.736328 0.000000 934.511230 0.000000 0.979457 0.000000 0.201653 0.347073 0.347073 0.347073
5660.899902 0.000000 955.298706 0.000000 0.983799 0.000000 0.179273 0.347527 0.347527 0.347527
5638.595703 0.000000 929.749084 0.000000 0.980658 0.000000 0.195727 0.347108 0.347108 0.347108
5632.049316 0.000000 929.447510 0.000000 0.960532 0.000000 0.278169 0.345739 0.345739 0.345739
5638.054199 0.000000 961.833008 0.000000 0.989237 0.000000 0.146325 0.348005 0.348005 0.348005
5715.400879 0.000000 1072.691772 0.000000 0.999901 0.000000 0.014096 0.349756 0.349756 0.349756
5657.034668 0.000000 1105.149658 0.000000 0.986955 0.000000 -0.160993 0.352190 0.352190 0.352190
5663.121582 0.000000 1104.463379 0.000000 0.995938 0.000000 0.090038 0.348298 0.348298 0.348298
5660.615723 0.000000 1107.689819 0.000000 0.960209 0.000000 0.279282 0.344757 0.344757 0.344757
5718.020996 0.000000 1074.523193 0.000000 0.999979 0.000000 0.006443 0.349909 0.349909 0.349909
7410.833984 0.000000 516.939697 0.000000 0.999884 0.000000 0.015243 0.349758 0.349758 0.349758
7435.786133 0.000000 456.927917 0.000000 0.999929 0.000000 -0.011940 0.350139 0.350139 0.350139
7431.699707 0.000000 467.729889 0.000000 0.978059 0.000000 0.208330 0.347158 0.347158 0.347158
7425.626465 0.000000 506.792358 0.000000 0.986282 0.000000 -0.165066 0.352478 0.352478 0.352478
7433.453613 0.000000 464.545319 0.000000 0.990996 0.000000 0.133893 0.347829 0.347829 0.347829
7433.084473 0.000000 469.905121 0.000000 0.985659 0.000000 -0.168749 0.353408 0.353408 0.353408
7432.499023 0.000000 468.201874 0.000000 0.978300 0.000000 0.207194 0.345806 0.345806 0.345806
7454.477539 0.000000 483.893433 0.000000 0.965424 0.000000 0.260684 0.344953 0.344953 0.344953
"}
object={
	name="oak_generator_3_3"
	clamp_to_water_level=no
	render_under_water=no
	generated_content=yes
	layer="semidynamic_high"
	pdxmesh="oak_tree_04_mesh"
	count=162
	transform="5293.431152 0.000000 794.832947 0.000000 0.822665 0.000000 -0.568526 0.358428 0.358428 0.358428
5263.853516 0.000000 805.518555 0.000000 0.866384 0.000000 -0.499379 0.360006 0.360006 0.360006
5259.444824 0.000000 804.930542 0.000000 0.811082 0.000000 -0.584933 0.363922 0.363922 0.363922
5277.937500 0.000000 805.776367 0.000000 0.945114 0.000000 -0.326742 0.356515 0.356515 0.356515
5348.830078 0.000000 825.708984 0.000000 0.746302 0.000000 -0.665607 0.359991 0.359991 0.359991
5348.309082 0.000000 820.167297 0.000000 0.860729 0.000000 -0.509064 0.358237 0.358237 0.358237
5345.315918 0.000000 823.474304 0.000000 0.816682 0.000000 -0.577088 0.360374 0.360374 0.360374
5339.792969 0.000000 820.221985 0.000000 0.619085 0.000000 -0.785324 0.365508 0.365508 0.365508
5346.136719 0.000000 818.905090 0.000000 0.765254 0.000000 -0.643728 0.362894 0.362894 0.362894
5367.580566 0.000000 820.820984 0.000000 0.745802 0.000000 -0.666168 0.362996 0.362996 0.362996
5354.594238 0.000000 821.369751 0.000000 0.914099 0.000000 -0.405492 0.357698 0.357698 0.357698
5353.991211 0.000000 867.744568 0.000000 0.746728 0.000000 -0.665130 0.365006 0.365006 0.365006
5351.637207 0.000000 866.207031 0.000000 0.604055 0.000000 -0.796943 0.370549 0.370549 0.370549
5411.765137 0.000000 760.144104 0.000000 0.901680 0.000000 -0.432403 0.355099 0.355099 0.355099
5392.244141 0.000000 763.494690 0.000000 0.597543 0.000000 -0.801837 0.361219 0.361219 0.361219
5396.821777 0.000000 765.407837 0.000000 0.909119 0.000000 -0.416535 0.355594 0.355594 0.355594
5391.799805 0.000000 777.360718 0.000000 0.919346 0.000000 -0.393451 0.355530 0.355530 0.355530
5430.403320 0.000000 753.982666 0.000000 0.950342 0.000000 -0.311207 0.354286 0.354286 0.354286
5397.894043 0.000000 787.570679 0.000000 0.701733 0.000000 -0.712440 0.361675 0.361675 0.361675
5391.223145 0.000000 762.643433 0.000000 0.825296 0.000000 -0.564700 0.359622 0.359622 0.359622
5395.857422 0.000000 786.993774 0.000000 0.856619 0.000000 -0.515949 0.358763 0.358763 0.358763
5402.378418 0.000000 784.970703 0.000000 0.788516 0.000000 -0.615015 0.362936 0.362936 0.362936
5397.506348 0.000000 781.653015 0.000000 0.900999 0.000000 -0.433821 0.359998 0.359998 0.359998
5390.938965 0.000000 765.526917 0.000000 0.668253 0.000000 -0.743934 0.368693 0.368693 0.368693
5562.520996 0.000000 788.209473 0.000000 0.804466 0.000000 -0.593999 0.358392 0.358392 0.358392
5554.572266 0.000000 759.011536 0.000000 0.678591 0.000000 -0.734517 0.363227 0.363227 0.363227
5551.249023 0.000000 757.034119 0.000000 0.729525 0.000000 -0.683954 0.362504 0.362504 0.362504
5561.671875 0.000000 789.168213 0.000000 0.634264 0.000000 -0.773116 0.363552 0.363552 0.363552
5552.198730 0.000000 757.968689 0.000000 0.943388 0.000000 -0.331692 0.356189 0.356189 0.356189
5555.336914 0.000000 756.408569 0.000000 0.603369 0.000000 -0.797462 0.367099 0.367099 0.367099
5553.666504 0.000000 754.667480 0.000000 0.731832 0.000000 -0.681486 0.364708 0.364708 0.364708
5551.847168 0.000000 762.418701 0.000000 0.621033 0.000000 -0.783784 0.366922 0.366922 0.366922
5539.876465 0.000000 762.802979 0.000000 0.735460 0.000000 -0.677568 0.364051 0.364051 0.364051
5555.106445 0.000000 751.165161 0.000000 0.927491 0.000000 -0.373846 0.357767 0.357767 0.357767
5554.412598 0.000000 756.151245 0.000000 0.842098 0.000000 -0.539324 0.360552 0.360552 0.360552
5539.260742 0.000000 760.971191 0.000000 0.885324 0.000000 -0.464975 0.359149 0.359149 0.359149
5407.826172 0.000000 842.357056 0.000000 0.637432 0.000000 -0.770507 0.364642 0.364642 0.364642
5403.313477 0.000000 838.414734 0.000000 0.922004 0.000000 -0.387180 0.358685 0.358685 0.358685
5400.507324 0.000000 838.306274 0.000000 0.713921 0.000000 -0.700226 0.367284 0.367284 0.367284
5396.845703 0.000000 836.258789 0.000000 0.836336 0.000000 -0.548217 0.360977 0.360977 0.360977
5395.236816 0.000000 835.408203 0.000000 0.927924 0.000000 -0.372770 0.357861 0.357861 0.357861
5484.346191 0.000000 838.421143 0.000000 0.868201 0.000000 -0.496212 0.360344 0.360344 0.360344
5495.533691 0.000000 844.736755 0.000000 0.687620 0.000000 -0.726070 0.368106 0.368106 0.368106
5466.768555 0.000000 805.713562 0.000000 0.886387 0.000000 -0.462944 0.360725 0.360725 0.360725
5495.347168 0.000000 846.832520 0.000000 0.908552 0.000000 -0.417772 0.358963 0.358963 0.358963
5495.916992 0.000000 840.947815 0.000000 0.946159 0.000000 -0.323703 0.355948 0.355948 0.355948
5500.564941 0.000000 841.150879 0.000000 0.798780 0.000000 -0.601624 0.361507 0.361507 0.361507
5493.111816 0.000000 839.572998 0.000000 0.622971 0.000000 -0.782245 0.370015 0.370015 0.370015
5466.146973 0.000000 806.910706 0.000000 0.905251 0.000000 -0.424877 0.359778 0.359778 0.359778
5465.353516 0.000000 809.738770 0.000000 0.746048 0.000000 -0.665893 0.366236 0.366236 0.366236
5497.561523 0.000000 844.628174 0.000000 0.885575 0.000000 -0.464495 0.360194 0.360194 0.360194
5463.863281 0.000000 806.573608 0.000000 0.858159 0.000000 -0.513385 0.362013 0.362013 0.362013
5463.187012 0.000000 804.340576 0.000000 0.624446 0.000000 -0.781068 0.368328 0.368328 0.368328
5408.052246 0.000000 847.287903 0.000000 0.948622 0.000000 -0.316413 0.355007 0.355007 0.355007
5406.228516 0.000000 847.277283 0.000000 0.632329 0.000000 -0.774700 0.368237 0.368237 0.368237
5501.282227 0.000000 891.220825 0.000000 0.862470 0.000000 -0.506109 0.356909 0.356909 0.356909
5465.935547 0.000000 887.668274 0.000000 0.687262 0.000000 -0.726409 0.361332 0.361332 0.361332
5456.398438 0.000000 892.322083 0.000000 0.939041 0.000000 -0.343805 0.355413 0.355413 0.355413
5494.252441 0.000000 849.820251 0.000000 0.891745 0.000000 -0.452537 0.357386 0.357386 0.357386
5496.732422 0.000000 895.822693 0.000000 0.732602 0.000000 -0.680657 0.361710 0.361710 0.361710
5449.264160 0.000000 891.858887 0.000000 0.824218 0.000000 -0.566272 0.359836 0.359836 0.359836
5457.965332 0.000000 887.890747 0.000000 0.899568 0.000000 -0.436781 0.359420 0.359420 0.359420
5450.690430 0.000000 893.627441 0.000000 0.884419 0.000000 -0.466693 0.358252 0.358252 0.358252
5455.914062 0.000000 887.389587 0.000000 0.936712 0.000000 -0.350102 0.357970 0.357970 0.357970
5460.371094 0.000000 883.506104 0.000000 0.835783 0.000000 -0.549060 0.362951 0.362951 0.362951
5497.357910 0.000000 891.724976 0.000000 0.710589 0.000000 -0.703607 0.367390 0.367390 0.367390
5502.448730 0.000000 847.790588 0.000000 0.765328 0.000000 -0.643641 0.365580 0.365580 0.365580
5455.305664 0.000000 889.447937 0.000000 0.603347 0.000000 -0.797479 0.368068 0.368068 0.368068
5503.628906 0.000000 848.569580 0.000000 0.717679 0.000000 -0.696374 0.367164 0.367164 0.367164
5494.939941 0.000000 847.537537 0.000000 0.911840 0.000000 -0.410546 0.358798 0.358798 0.358798
5469.107422 0.000000 888.721497 0.000000 0.789365 0.000000 -0.613924 0.364729 0.364729 0.364729
5460.539551 0.000000 882.639160 0.000000 0.611665 0.000000 -0.791117 0.370335 0.370335 0.370335
5462.864258 0.000000 889.291565 0.000000 0.940855 0.000000 -0.338809 0.357702 0.357702 0.357702
5504.926758 0.000000 844.474976 0.000000 0.852198 0.000000 -0.523219 0.358829 0.358829 0.358829
5582.368652 0.000000 846.634766 0.000000 0.805916 0.000000 -0.592030 0.358498 0.358498 0.358498
5584.913574 0.000000 794.564209 0.000000 0.833247 0.000000 -0.552901 0.361313 0.361313 0.361313
5580.062012 0.000000 868.571045 0.000000 0.683246 0.000000 -0.730188 0.361409 0.361409 0.361409
5605.106445 0.000000 859.863586 0.000000 0.735395 0.000000 -0.677638 0.361060 0.361060 0.361060
5589.314941 0.000000 863.782471 0.000000 0.825124 0.000000 -0.564952 0.363377 0.363377 0.363377
5576.681152 0.000000 868.652222 0.000000 0.743898 0.000000 -0.668293 0.366308 0.366308 0.366308
5579.201660 0.000000 858.597961 0.000000 0.884469 0.000000 -0.466598 0.359247 0.359247 0.359247
5588.910645 0.000000 862.223572 0.000000 0.867274 0.000000 -0.497830 0.361611 0.361611 0.361611
5585.243164 0.000000 860.847534 0.000000 0.938798 0.000000 -0.344469 0.356684 0.356684 0.356684
5576.499023 0.000000 863.592529 0.000000 0.851113 0.000000 -0.524983 0.362315 0.362315 0.362315
5605.216797 0.000000 857.415100 0.000000 0.836230 0.000000 -0.548378 0.361284 0.361284 0.361284
5580.916016 0.000000 856.389709 0.000000 0.749289 0.000000 -0.662244 0.364736 0.364736 0.364736
5587.708008 0.000000 865.942017 0.000000 0.628146 0.000000 -0.778096 0.369867 0.369867 0.369867
5588.746094 0.000000 851.803345 0.000000 0.778709 0.000000 -0.627386 0.364282 0.364282 0.364282
5464.507324 0.000000 951.275024 0.000000 0.855615 0.000000 -0.517614 0.358961 0.358961 0.358961
5466.429199 0.000000 938.237793 0.000000 0.938516 0.000000 -0.345237 0.356576 0.356576 0.356576
5575.408691 0.000000 921.587524 0.000000 0.849423 0.000000 -0.527712 0.356825 0.356825 0.356825
5570.552734 0.000000 959.826233 0.000000 0.902362 0.000000 -0.430979 0.355665 0.355665 0.355665
5601.365723 0.000000 913.924866 0.000000 0.821710 0.000000 -0.569906 0.357577 0.357577 0.357577
5574.073242 0.000000 957.537476 0.000000 0.818457 0.000000 -0.574568 0.358584 0.358584 0.358584
5621.929688 0.000000 919.820740 0.000000 0.781857 0.000000 -0.623458 0.358999 0.358999 0.358999
5579.377441 0.000000 923.293579 0.000000 0.930020 0.000000 -0.367509 0.355146 0.355146 0.355146
5586.929199 0.000000 909.224243 0.000000 0.849361 0.000000 -0.527812 0.357895 0.357895 0.357895
5573.809082 0.000000 959.233215 0.000000 0.676677 0.000000 -0.736280 0.361497 0.361497 0.361497
5582.222168 0.000000 926.900818 0.000000 0.724288 0.000000 -0.689498 0.360570 0.360570 0.360570
5581.021484 0.000000 936.379028 0.000000 0.864850 0.000000 -0.502030 0.357560 0.357560 0.357560
5586.461914 0.000000 920.330688 0.000000 0.659805 0.000000 -0.751437 0.362184 0.362184 0.362184
5583.217285 0.000000 935.898499 0.000000 0.634152 0.000000 -0.773208 0.362743 0.362743 0.362743
5585.469238 0.000000 921.488464 0.000000 0.599287 0.000000 -0.800534 0.363990 0.363990 0.363990
5563.100586 0.000000 970.327087 0.000000 0.846417 0.000000 -0.532520 0.356649 0.356649 0.356649
5631.814453 0.000000 978.679077 0.000000 0.916150 0.000000 -0.400835 0.355262 0.355262 0.355262
5624.708984 0.000000 980.677856 0.000000 0.849841 0.000000 -0.527039 0.357712 0.357712 0.357712
5568.371582 0.000000 965.319214 0.000000 0.787431 0.000000 -0.616403 0.359286 0.359286 0.359286
5607.989746 0.000000 986.138245 0.000000 0.688615 0.000000 -0.725127 0.361341 0.361341 0.361341
5608.469727 0.000000 979.499573 0.000000 0.699492 0.000000 -0.714641 0.361721 0.361721 0.361721
5576.131348 0.000000 969.622131 0.000000 0.773952 0.000000 -0.633245 0.360246 0.360246 0.360246
5577.923828 0.000000 977.828796 0.000000 0.699986 0.000000 -0.714157 0.361816 0.361816 0.361816
5590.733398 0.000000 969.005493 0.000000 0.909677 0.000000 -0.415316 0.356306 0.356306 0.356306
5595.790527 0.000000 978.987915 0.000000 0.864672 0.000000 -0.502338 0.358209 0.358209 0.358209
5591.062012 0.000000 976.356079 0.000000 0.914526 0.000000 -0.404528 0.356186 0.356186 0.356186
5622.908203 0.000000 972.108398 0.000000 0.926616 0.000000 -0.376008 0.356114 0.356114 0.356114
5602.581543 0.000000 979.414062 0.000000 0.783588 0.000000 -0.621281 0.360749 0.360749 0.360749
5622.041992 0.000000 960.276672 0.000000 0.688346 0.000000 -0.725383 0.362056 0.362056 0.362056
5574.510254 0.000000 976.834778 0.000000 0.606402 0.000000 -0.795158 0.363936 0.363936 0.363936
5626.873047 0.000000 975.983276 0.000000 0.865581 0.000000 -0.500768 0.358639 0.358639 0.358639
5629.256836 0.000000 965.599121 0.000000 0.700004 0.000000 -0.714139 0.363066 0.363066 0.363066
5576.904785 0.000000 966.514038 0.000000 0.925145 0.000000 -0.379614 0.356124 0.356124 0.356124
5584.268066 0.000000 972.512512 0.000000 0.795306 0.000000 -0.606208 0.360870 0.360870 0.360870
5612.330078 0.000000 978.999268 0.000000 0.853533 0.000000 -0.521038 0.358644 0.358644 0.358644
5570.732422 0.000000 968.447998 0.000000 0.800133 0.000000 -0.599823 0.360427 0.360427 0.360427
5604.740723 0.000000 985.336487 0.000000 0.691131 0.000000 -0.722729 0.362704 0.362704 0.362704
5586.263672 0.000000 972.320923 0.000000 0.627747 0.000000 -0.778418 0.365123 0.365123 0.365123
5616.162598 0.000000 974.097656 0.000000 0.794032 0.000000 -0.607876 0.360362 0.360362 0.360362
5577.453613 0.000000 972.904724 0.000000 0.911917 0.000000 -0.410374 0.357316 0.357316 0.357316
5621.144531 0.000000 969.555359 0.000000 0.950970 0.000000 -0.309284 0.355042 0.355042 0.355042
5614.356934 0.000000 977.531372 0.000000 0.940791 0.000000 -0.338987 0.356044 0.356044 0.356044
5630.358398 0.000000 967.106140 0.000000 0.646583 0.000000 -0.762844 0.364823 0.364823 0.364823
5620.906250 0.000000 966.486755 0.000000 0.665003 0.000000 -0.746840 0.364479 0.364479 0.364479
5599.758301 0.000000 1103.362793 0.000000 0.643246 0.000000 -0.765660 0.359792 0.359792 0.359792
5599.826172 0.000000 1081.325562 0.000000 0.692551 0.000000 -0.721369 0.359153 0.359153 0.359153
5575.671387 0.000000 1154.544067 0.000000 0.772971 0.000000 -0.634441 0.357687 0.357687 0.357687
5576.407715 0.000000 1137.499878 0.000000 0.895210 0.000000 -0.445644 0.355206 0.355206 0.355206
5551.722656 0.000000 1230.491577 0.000000 0.764887 0.000000 -0.644164 0.357859 0.357859 0.357859
5553.272949 0.000000 1219.796753 0.000000 0.898464 0.000000 -0.439048 0.355104 0.355104 0.355104
5506.396484 0.000000 1188.034058 0.000000 0.644729 0.000000 -0.764411 0.359770 0.359770 0.359770
5653.502930 0.000000 952.069214 0.000000 0.926387 0.000000 -0.376572 0.354538 0.354538 0.354538
5639.213379 0.000000 941.950073 0.000000 0.940777 0.000000 -0.339027 0.354171 0.354171 0.354171
5652.984863 0.000000 940.947998 0.000000 0.800946 0.000000 -0.598737 0.357909 0.357909 0.357909
5651.640625 0.000000 929.061768 0.000000 0.704646 0.000000 -0.709560 0.359857 0.359857 0.359857
5632.597656 0.000000 924.217285 0.000000 0.805663 0.000000 -0.592375 0.358476 0.358476 0.358476
5632.588379 0.000000 956.052490 0.000000 0.853978 0.000000 -0.520309 0.357220 0.357220 0.357220
5653.609863 0.000000 936.398987 0.000000 0.828927 0.000000 -0.559357 0.358117 0.358117 0.358117
5665.128418 0.000000 944.513184 0.000000 0.604279 0.000000 -0.796773 0.362406 0.362406 0.362406
5661.264648 0.000000 950.531189 0.000000 0.693948 0.000000 -0.720025 0.361765 0.361765 0.361765
5637.597168 0.000000 930.636658 0.000000 0.752555 0.000000 -0.658530 0.361401 0.361401 0.361401
5636.370605 0.000000 930.339600 0.000000 0.942349 0.000000 -0.334631 0.355411 0.355411 0.355411
5636.588867 0.000000 969.871826 0.000000 0.602088 0.000000 -0.798430 0.364220 0.364220 0.364220
5637.475098 0.000000 968.510620 0.000000 0.816548 0.000000 -0.577277 0.359464 0.359464 0.359464
5637.292969 0.000000 966.251770 0.000000 0.938308 0.000000 -0.345801 0.355862 0.355862 0.355862
5635.610840 0.000000 962.216125 0.000000 0.898415 0.000000 -0.439147 0.357489 0.357489 0.357489
5719.415527 0.000000 1068.230957 0.000000 0.746953 0.000000 -0.664877 0.366206 0.366206 0.366206
5662.140625 0.000000 1108.869507 0.000000 0.822384 0.000000 -0.568933 0.360524 0.360524 0.360524
5661.834473 0.000000 1105.938965 0.000000 0.939389 0.000000 -0.342853 0.357798 0.357798 0.357798
5666.342773 0.000000 1108.765259 0.000000 0.673254 0.000000 -0.739412 0.368543 0.368543 0.368543
5667.133789 0.000000 1107.085815 0.000000 0.935389 0.000000 -0.353619 0.358053 0.358053 0.358053
5713.011230 0.000000 1074.540283 0.000000 0.882722 0.000000 -0.469896 0.358164 0.358164 0.358164
7434.814941 0.000000 461.238281 0.000000 0.604640 0.000000 -0.796499 0.368801 0.368801 0.368801
7446.794922 0.000000 505.754425 0.000000 0.854720 0.000000 -0.519090 0.361875 0.361875 0.361875
"}
object={
	name="oak_generator_3_4"
	clamp_to_water_level=no
	render_under_water=no
	generated_content=yes
	layer="semidynamic_high"
	pdxmesh="oak_tree_dense_01_mesh"
	count=175
	transform="4579.506348 0.000000 709.682617 0.000000 0.065112 0.000000 -0.997878 0.372300 0.372300 0.372300
5275.877441 0.000000 802.272156 0.000000 0.109772 0.000000 -0.993957 0.370551 0.370551 0.370551
5262.202637 0.000000 804.485474 0.000000 0.208770 0.000000 -0.977965 0.376034 0.376034 0.376034
5356.051758 0.000000 822.875549 0.000000 0.300147 0.000000 -0.953893 0.365763 0.365763 0.365763
5343.005371 0.000000 825.685974 0.000000 0.536619 0.000000 -0.843825 0.362638 0.362638 0.362638
5355.311523 0.000000 815.929016 0.000000 0.374939 0.000000 -0.927050 0.365344 0.365344 0.365344
5359.250488 0.000000 819.762146 0.000000 0.406128 0.000000 -0.913816 0.365359 0.365359 0.365359
5333.609863 0.000000 823.430237 0.000000 0.092122 0.000000 -0.995748 0.370477 0.370477 0.370477
5351.319336 0.000000 815.493958 0.000000 0.392344 0.000000 -0.919819 0.367854 0.367854 0.367854
5361.310547 0.000000 820.251099 0.000000 0.364564 0.000000 -0.931178 0.369517 0.369517 0.369517
5351.180176 0.000000 821.205627 0.000000 0.392044 0.000000 -0.919946 0.369850 0.369850 0.369850
5338.685059 0.000000 820.378906 0.000000 0.264815 0.000000 -0.964299 0.372369 0.372369 0.372369
5353.507324 0.000000 866.385620 0.000000 0.281266 0.000000 -0.959630 0.376513 0.376513 0.376513
5415.147461 0.000000 771.200134 0.000000 0.483497 0.000000 -0.875346 0.364579 0.364579 0.364579
5388.164062 0.000000 769.806519 0.000000 0.102959 0.000000 -0.994686 0.373468 0.373468 0.373468
5398.619629 0.000000 767.817993 0.000000 0.430918 0.000000 -0.902391 0.367600 0.367600 0.367600
5423.484375 0.000000 753.755981 0.000000 0.294653 0.000000 -0.955604 0.370057 0.370057 0.370057
5401.064941 0.000000 784.935547 0.000000 0.392093 0.000000 -0.919925 0.372043 0.372043 0.372043
5415.189453 0.000000 772.255615 0.000000 0.059191 0.000000 -0.998247 0.378397 0.378397 0.378397
5424.425781 0.000000 755.816589 0.000000 0.365381 0.000000 -0.930858 0.375934 0.375934 0.375934
5401.272461 0.000000 769.050049 0.000000 0.378671 0.000000 -0.925531 0.375468 0.375468 0.375468
5534.945801 0.000000 762.760803 0.000000 0.202166 0.000000 -0.979351 0.368279 0.368279 0.368279
5533.614258 0.000000 766.024780 0.000000 0.275227 0.000000 -0.961379 0.367780 0.367780 0.367780
5564.473145 0.000000 761.280945 0.000000 0.166332 0.000000 -0.986070 0.369440 0.369440 0.369440
5539.506348 0.000000 766.166992 0.000000 0.295429 0.000000 -0.955365 0.369489 0.369489 0.369489
5562.669922 0.000000 790.034668 0.000000 0.584122 0.000000 -0.811666 0.364315 0.364315 0.364315
5544.459473 0.000000 763.816406 0.000000 0.459355 0.000000 -0.888253 0.367438 0.367438 0.367438
5552.162598 0.000000 748.160156 0.000000 0.364950 0.000000 -0.931027 0.369249 0.369249 0.369249
5558.847168 0.000000 777.158813 0.000000 0.491315 0.000000 -0.870982 0.370415 0.370415 0.370415
5543.180176 0.000000 764.721252 0.000000 0.157597 0.000000 -0.987504 0.374562 0.374562 0.374562
5548.578125 0.000000 764.684387 0.000000 0.532178 0.000000 -0.846633 0.369232 0.369232 0.369232
5539.216309 0.000000 759.227295 0.000000 0.460147 0.000000 -0.887843 0.368999 0.368999 0.368999
5543.486328 0.000000 763.283997 0.000000 0.405044 0.000000 -0.914297 0.371776 0.371776 0.371776
5552.425781 0.000000 755.816589 0.000000 0.113856 0.000000 -0.993497 0.378575 0.378575 0.378575
5541.866699 0.000000 762.649292 0.000000 0.321997 0.000000 -0.946741 0.373622 0.373622 0.373622
5396.436035 0.000000 833.053101 0.000000 0.448616 0.000000 -0.893725 0.363814 0.363814 0.363814
5408.330078 0.000000 845.078674 0.000000 0.583489 0.000000 -0.812121 0.361801 0.361801 0.361801
5397.843750 0.000000 841.065979 0.000000 0.176454 0.000000 -0.984309 0.368385 0.368385 0.368385
5402.283691 0.000000 837.327087 0.000000 0.345431 0.000000 -0.938444 0.368254 0.368254 0.368254
5396.708984 0.000000 834.346680 0.000000 0.386381 0.000000 -0.922339 0.368672 0.368672 0.368672
5401.752441 0.000000 847.158447 0.000000 0.551855 0.000000 -0.833940 0.366115 0.366115 0.366115
5401.064941 0.000000 841.419922 0.000000 0.413602 0.000000 -0.910458 0.372299 0.372299 0.372299
5400.446289 0.000000 834.120422 0.000000 0.420477 0.000000 -0.907303 0.370165 0.370165 0.370165
5404.341797 0.000000 840.445435 0.000000 0.368611 0.000000 -0.929584 0.370124 0.370124 0.370124
5399.415527 0.000000 842.293457 0.000000 0.054090 0.000000 -0.998536 0.378427 0.378427 0.378427
5398.491699 0.000000 839.153503 0.000000 0.050674 0.000000 -0.998715 0.378823 0.378823 0.378823
5401.231934 0.000000 839.552612 0.000000 0.534144 0.000000 -0.845394 0.372444 0.372444 0.372444
5407.888672 0.000000 846.934204 0.000000 0.314408 0.000000 -0.949288 0.375742 0.375742 0.375742
5482.638672 0.000000 841.213867 0.000000 0.217221 0.000000 -0.976123 0.368014 0.368014 0.368014
5485.556641 0.000000 836.424438 0.000000 0.509862 0.000000 -0.860256 0.366698 0.366698 0.366698
5489.639160 0.000000 846.537903 0.000000 0.250745 0.000000 -0.968053 0.370489 0.370489 0.370489
5463.342773 0.000000 815.521790 0.000000 0.084571 0.000000 -0.996417 0.379802 0.379802 0.379802
5488.827148 0.000000 834.619141 0.000000 0.050710 0.000000 -0.998713 0.376830 0.376830 0.376830
5497.653809 0.000000 843.621704 0.000000 0.219145 0.000000 -0.975692 0.372351 0.372351 0.372351
5494.610352 0.000000 840.694519 0.000000 0.007715 0.000000 -0.999970 0.378204 0.378204 0.378204
5495.038086 0.000000 838.781311 0.000000 0.576109 0.000000 -0.817373 0.366345 0.366345 0.366345
5464.183105 0.000000 812.468750 0.000000 0.217885 0.000000 -0.975974 0.374321 0.374321 0.374321
5493.595703 0.000000 843.843384 0.000000 0.241765 0.000000 -0.970335 0.379559 0.379559 0.379559
5492.202148 0.000000 842.596375 0.000000 0.031442 0.000000 -0.999506 0.384299 0.384299 0.384299
5463.802734 0.000000 804.989075 0.000000 0.419017 0.000000 -0.907979 0.373277 0.373277 0.373277
5400.484375 0.000000 847.276733 0.000000 0.333495 0.000000 -0.942752 0.370111 0.370111 0.370111
5398.342773 0.000000 847.411133 0.000000 0.299044 0.000000 -0.954239 0.370649 0.370649 0.370649
5463.935547 0.000000 884.320740 0.000000 0.232266 0.000000 -0.972652 0.366990 0.366990 0.366990
5457.980469 0.000000 886.521362 0.000000 0.175969 0.000000 -0.984396 0.379049 0.379049 0.379049
5465.886230 0.000000 889.338013 0.000000 0.179277 0.000000 -0.983799 0.376306 0.376306 0.376306
5454.090820 0.000000 891.299438 0.000000 0.435200 0.000000 -0.900334 0.372715 0.372715 0.372715
5562.353516 0.000000 791.911682 0.000000 0.404887 0.000000 -0.914367 0.367444 0.367444 0.367444
5589.209473 0.000000 797.643494 0.000000 0.440423 0.000000 -0.897790 0.366753 0.366753 0.366753
5586.243652 0.000000 795.549683 0.000000 0.368746 0.000000 -0.929530 0.372519 0.372519 0.372519
5575.620605 0.000000 853.494873 0.000000 0.294734 0.000000 -0.955579 0.367723 0.367723 0.367723
5582.749512 0.000000 847.296692 0.000000 0.520712 0.000000 -0.853733 0.363723 0.363723 0.363723
5581.188965 0.000000 855.520264 0.000000 0.560160 0.000000 -0.828385 0.363989 0.363989 0.363989
5597.938965 0.000000 863.799072 0.000000 0.375464 0.000000 -0.926837 0.366683 0.366683 0.366683
5606.826172 0.000000 854.001709 0.000000 0.531967 0.000000 -0.846765 0.365707 0.365707 0.365707
5594.768555 0.000000 862.197937 0.000000 0.540858 0.000000 -0.841114 0.371350 0.371350 0.371350
5604.323242 0.000000 857.766357 0.000000 0.268176 0.000000 -0.963370 0.375261 0.375261 0.375261
5601.511719 0.000000 856.325134 0.000000 0.275829 0.000000 -0.961207 0.373357 0.373357 0.373357
5579.572266 0.000000 872.844482 0.000000 0.463076 0.000000 -0.886318 0.367752 0.367752 0.367752
5587.508789 0.000000 863.657593 0.000000 0.116046 0.000000 -0.993244 0.374592 0.374592 0.374592
5588.380859 0.000000 869.068726 0.000000 0.139715 0.000000 -0.990192 0.375626 0.375626 0.375626
5580.171387 0.000000 848.587219 0.000000 0.506998 0.000000 -0.861947 0.369521 0.369521 0.369521
5581.807617 0.000000 865.326172 0.000000 0.515193 0.000000 -0.857074 0.370466 0.370466 0.370466
5587.035156 0.000000 867.684814 0.000000 0.510838 0.000000 -0.859677 0.373053 0.373053 0.373053
5466.672852 0.000000 942.025391 0.000000 0.349324 0.000000 -0.937002 0.374821 0.374821 0.374821
5572.047852 0.000000 912.100037 0.000000 0.489179 0.000000 -0.872183 0.362315 0.362315 0.362315
5615.663086 0.000000 913.761902 0.000000 0.002161 0.000000 -0.999998 0.368641 0.368641 0.368641
5596.431641 0.000000 911.257874 0.000000 0.095792 0.000000 -0.995401 0.367333 0.367333 0.367333
5610.288574 0.000000 926.897827 0.000000 0.485385 0.000000 -0.874301 0.362598 0.362598 0.362598
5575.213379 0.000000 941.950073 0.000000 0.539275 0.000000 -0.842130 0.362248 0.362248 0.362248
5589.422363 0.000000 928.104858 0.000000 0.238895 0.000000 -0.971045 0.367310 0.367310 0.367310
5622.302246 0.000000 918.037476 0.000000 0.342245 0.000000 -0.939611 0.366117 0.366117 0.366117
5579.084961 0.000000 914.128662 0.000000 0.565617 0.000000 -0.824668 0.363429 0.363429 0.363429
5609.262207 0.000000 917.087646 0.000000 0.540573 0.000000 -0.841297 0.363539 0.363539 0.363539
5578.780273 0.000000 938.533813 0.000000 0.444097 0.000000 -0.895979 0.365382 0.365382 0.365382
5582.389648 0.000000 941.534424 0.000000 0.148774 0.000000 -0.988871 0.369997 0.369997 0.369997
5580.970703 0.000000 950.735779 0.000000 0.335193 0.000000 -0.942150 0.367289 0.367289 0.367289
5613.674805 0.000000 916.753418 0.000000 0.226546 0.000000 -0.974001 0.368179 0.368179 0.368179
5587.835449 0.000000 924.637085 0.000000 0.269809 0.000000 -0.962914 0.367915 0.367915 0.367915
5581.188965 0.000000 912.004639 0.000000 0.154869 0.000000 -0.987935 0.369663 0.369663 0.369663
5620.078125 0.000000 920.420715 0.000000 0.077779 0.000000 -0.996971 0.370938 0.370938 0.370938
5622.998047 0.000000 921.052307 0.000000 0.078187 0.000000 -0.996939 0.370736 0.370736 0.370736
5583.446289 0.000000 919.768066 0.000000 0.513942 0.000000 -0.857825 0.365766 0.365766 0.365766
5580.289551 0.000000 917.197388 0.000000 0.295641 0.000000 -0.955299 0.369541 0.369541 0.369541
5586.338867 0.000000 911.783203 0.000000 0.550800 0.000000 -0.834637 0.364194 0.364194 0.364194
5582.365723 0.000000 946.747314 0.000000 0.042904 0.000000 -0.999079 0.373831 0.373831 0.373831
5583.939941 0.000000 958.447876 0.000000 0.192895 0.000000 -0.981219 0.372134 0.372134 0.372134
5593.598145 0.000000 983.865967 0.000000 0.154460 0.000000 -0.987999 0.368184 0.368184 0.368184
5607.260742 0.000000 981.838379 0.000000 0.412537 0.000000 -0.910941 0.365115 0.365115 0.365115
5602.937012 0.000000 962.019104 0.000000 0.174782 0.000000 -0.984607 0.369078 0.369078 0.369078
5571.050781 0.000000 963.628662 0.000000 0.551138 0.000000 -0.834414 0.364102 0.364102 0.364102
5594.869141 0.000000 981.683289 0.000000 0.281045 0.000000 -0.959695 0.369102 0.369102 0.369102
5589.272461 0.000000 968.603943 0.000000 0.133041 0.000000 -0.991111 0.371602 0.371602 0.371602
5630.420410 0.000000 973.575134 0.000000 0.200008 0.000000 -0.979794 0.372197 0.372197 0.372197
5608.166504 0.000000 972.840515 0.000000 0.415576 0.000000 -0.909558 0.368714 0.368714 0.368714
5620.467773 0.000000 981.359070 0.000000 0.013388 0.000000 -0.999910 0.374019 0.374019 0.374019
5573.529297 0.000000 963.724304 0.000000 0.030714 0.000000 -0.999528 0.373752 0.373752 0.373752
5576.409180 0.000000 975.053833 0.000000 0.123604 0.000000 -0.992332 0.373326 0.373326 0.373326
5629.982422 0.000000 971.759216 0.000000 0.457521 0.000000 -0.889199 0.368811 0.368811 0.368811
5598.868164 0.000000 980.976624 0.000000 0.465983 0.000000 -0.884794 0.368600 0.368600 0.368600
5624.930664 0.000000 972.634521 0.000000 0.513456 0.000000 -0.858116 0.367126 0.367126 0.367126
5573.292969 0.000000 966.251770 0.000000 0.230364 0.000000 -0.973105 0.372979 0.372979 0.372979
5572.727051 0.000000 967.485229 0.000000 0.241505 0.000000 -0.970400 0.372783 0.372783 0.372783
5600.863281 0.000000 981.059021 0.000000 0.116223 0.000000 -0.993223 0.374907 0.374907 0.374907
5577.798340 0.000000 965.607971 0.000000 0.581357 0.000000 -0.813649 0.365696 0.365696 0.365696
5628.552246 0.000000 961.543640 0.000000 0.272769 0.000000 -0.962080 0.370700 0.370700 0.370700
5616.334961 0.000000 976.337708 0.000000 0.056050 0.000000 -0.998428 0.375743 0.375743 0.375743
5570.773438 0.000000 966.275818 0.000000 0.560948 0.000000 -0.827851 0.365382 0.365382 0.365382
5595.824219 0.000000 973.095886 0.000000 0.574430 0.000000 -0.818554 0.366003 0.366003 0.366003
5607.854004 0.000000 971.282898 0.000000 0.200210 0.000000 -0.979753 0.373988 0.373988 0.373988
5601.173340 0.000000 984.631531 0.000000 0.558282 0.000000 -0.829651 0.366501 0.366501 0.366501
5609.729980 0.000000 966.206421 0.000000 0.187078 0.000000 -0.982345 0.373558 0.373558 0.373558
5623.381348 0.000000 974.261292 0.000000 0.315470 0.000000 -0.948936 0.371296 0.371296 0.371296
5600.682129 0.000000 977.648682 0.000000 0.231870 0.000000 -0.972747 0.373128 0.373128 0.373128
5603.216309 0.000000 985.164795 0.000000 0.042240 0.000000 -0.999107 0.376245 0.376245 0.376245
5615.897461 0.000000 971.919922 0.000000 0.205517 0.000000 -0.978654 0.373357 0.373357 0.373357
5553.272949 0.000000 1106.828003 0.000000 0.576181 0.000000 -0.817322 0.360743 0.360743 0.360743
5602.900879 0.000000 1073.267822 0.000000 0.092891 0.000000 -0.995676 0.366786 0.366786 0.366786
5498.368164 0.000000 1181.613403 0.000000 0.552629 0.000000 -0.833427 0.361063 0.361063 0.361063
5446.215332 0.000000 1235.109497 0.000000 0.192785 0.000000 -0.981241 0.365639 0.365639 0.365639
5562.807129 0.000000 1136.342041 0.000000 0.250723 0.000000 -0.968059 0.364734 0.364734 0.364734
5515.959473 0.000000 1178.178345 0.000000 0.440857 0.000000 -0.897577 0.362511 0.362511 0.362511
5570.396484 0.000000 1131.549683 0.000000 0.359421 0.000000 -0.933176 0.363509 0.363509 0.363509
5632.163086 0.000000 938.496521 0.000000 0.224646 0.000000 -0.974440 0.365563 0.365563 0.365563
5660.380371 0.000000 958.600342 0.000000 0.229709 0.000000 -0.973259 0.366322 0.366322 0.366322
5659.673340 0.000000 956.523315 0.000000 0.556299 0.000000 -0.830982 0.362642 0.362642 0.362642
5638.953125 0.000000 939.360229 0.000000 0.295713 0.000000 -0.955277 0.366265 0.366265 0.366265
5654.981445 0.000000 931.974548 0.000000 0.018367 0.000000 -0.999831 0.370415 0.370415 0.370415
5644.773926 0.000000 937.934021 0.000000 0.521853 0.000000 -0.853036 0.364107 0.364107 0.364107
5640.280273 0.000000 937.980957 0.000000 0.539280 0.000000 -0.842126 0.363866 0.363866 0.363866
5643.461426 0.000000 931.344421 0.000000 0.540178 0.000000 -0.841551 0.363415 0.363415 0.363415
5640.953125 0.000000 929.680725 0.000000 0.528881 0.000000 -0.848696 0.363992 0.363992 0.363992
5647.974609 0.000000 937.309875 0.000000 0.232758 0.000000 -0.972535 0.368326 0.368326 0.368326
5660.266602 0.000000 941.117188 0.000000 0.017879 0.000000 -0.999840 0.372525 0.372525 0.372525
5641.912598 0.000000 932.852173 0.000000 0.450833 0.000000 -0.892608 0.366386 0.366386 0.366386
5655.838867 0.000000 934.773682 0.000000 0.517870 0.000000 -0.855459 0.364978 0.364978 0.364978
5651.521973 0.000000 935.525696 0.000000 0.058575 0.000000 -0.998283 0.371934 0.371934 0.371934
5635.093750 0.000000 933.820007 0.000000 0.367548 0.000000 -0.930004 0.368212 0.368212 0.368212
5642.564941 0.000000 962.783325 0.000000 0.158266 0.000000 -0.987397 0.367333 0.367333 0.367333
5634.209961 0.000000 971.009216 0.000000 0.457280 0.000000 -0.889323 0.365895 0.365895 0.365895
5637.529297 0.000000 963.724304 0.000000 0.123892 0.000000 -0.992296 0.372499 0.372499 0.372499
5636.727051 0.000000 967.485229 0.000000 0.150444 0.000000 -0.988618 0.373571 0.373571 0.373571
5633.375488 0.000000 962.626343 0.000000 0.013144 0.000000 -0.999914 0.377085 0.377085 0.377085
5715.343262 0.000000 1068.319824 0.000000 0.547374 0.000000 -0.836888 0.364123 0.364123 0.364123
5716.580078 0.000000 1064.315918 0.000000 0.225398 0.000000 -0.974267 0.372597 0.372597 0.372597
5717.127930 0.000000 1070.899170 0.000000 0.308760 0.000000 -0.951140 0.378006 0.378006 0.378006
5718.823730 0.000000 1071.776855 0.000000 0.280081 0.000000 -0.959976 0.378506 0.378506 0.378506
5718.503906 0.000000 1069.338867 0.000000 0.140624 0.000000 -0.990063 0.381856 0.381856 0.381856
5658.586914 0.000000 1104.728516 0.000000 0.174492 0.000000 -0.984659 0.381092 0.381092 0.381092
5660.799316 0.000000 1105.722900 0.000000 0.378800 0.000000 -0.925479 0.376344 0.376344 0.376344
7409.096680 0.000000 516.052856 0.000000 0.557402 0.000000 -0.830243 0.365321 0.365321 0.365321
7437.322266 0.000000 456.471741 0.000000 0.218966 0.000000 -0.975733 0.370467 0.370467 0.370467
7455.121582 0.000000 483.135254 0.000000 0.211383 0.000000 -0.977403 0.375983 0.375983 0.375983
7453.536133 0.000000 482.670197 0.000000 0.210551 0.000000 -0.977583 0.380273 0.380273 0.380273
7427.781738 0.000000 464.716614 0.000000 0.148457 0.000000 -0.988919 0.379506 0.379506 0.379506
7446.503906 0.000000 504.495087 0.000000 0.210747 0.000000 -0.977541 0.379557 0.379557 0.379557
"}
