object={
	name="pine_dense_generator_1_0"
	clamp_to_water_level=no
	render_under_water=no
	generated_content=yes
	layer="semidynamic"
	pdxmesh="tree_fir_001_mesh"
	count=0
}
object={
	name="pine_dense_generator_1_1"
	clamp_to_water_level=no
	render_under_water=no
	generated_content=yes
	layer="semidynamic"
	pdxmesh="tree_fir_002_mesh"
	count=177
	transform="42.009567 0.000000 3274.546143 0.000000 0.159012 0.000000 0.987277 0.380413 0.380413 0.380413
84.968513 0.000000 3271.734375 0.000000 0.510823 0.000000 0.859686 0.386723 0.386723 0.386723
120.065750 0.000000 3244.971924 0.000000 0.705246 0.000000 0.708962 0.389455 0.389455 0.389455
101.982437 0.000000 3269.871094 0.000000 0.611343 0.000000 0.791365 0.392698 0.392698 0.392698
111.722519 0.000000 3263.928955 0.000000 0.548097 0.000000 0.836415 0.386693 0.386693 0.386693
98.932579 0.000000 3273.686279 0.000000 0.430336 0.000000 0.902669 0.501756 0.501756 0.501756
94.060638 0.000000 3267.764160 0.000000 0.690823 0.000000 0.723024 0.449235 0.449235 0.449235
122.305252 0.000000 3263.590820 0.000000 0.185625 0.000000 0.982621 0.480539 0.480539 0.480539
143.130920 0.000000 3258.981201 0.000000 0.478493 0.000000 0.878091 0.385764 0.385764 0.385764
137.640945 0.000000 3272.797119 0.000000 0.178259 0.000000 0.983984 0.400986 0.400986 0.400986
128.156708 0.000000 3274.509521 0.000000 0.298927 0.000000 0.954276 0.429942 0.429942 0.429942
155.595108 0.000000 3270.133057 0.000000 0.279503 0.000000 0.960145 0.416712 0.416712 0.416712
134.724258 0.000000 3253.116943 0.000000 0.459657 0.000000 0.888096 0.431912 0.431912 0.431912
145.360931 0.000000 3265.769775 0.000000 0.191357 0.000000 0.981521 0.477265 0.477265 0.477265
4.458565 0.000000 3330.559814 0.000000 0.019844 0.000000 0.999803 0.379478 0.379478 0.379478
58.807110 0.000000 3282.748291 0.000000 0.450338 0.000000 0.892858 0.385617 0.385617 0.385617
40.832367 0.000000 3279.594971 0.000000 0.098299 0.000000 0.995157 0.472836 0.472836 0.472836
49.272938 0.000000 3309.718750 0.000000 0.179777 0.000000 0.983707 0.457610 0.457610 0.457610
63.487244 0.000000 3306.321533 0.000000 0.354008 0.000000 0.935243 0.455599 0.455599 0.455599
30.236908 0.000000 3328.623535 0.000000 0.281531 0.000000 0.959552 0.386139 0.386139 0.386139
48.542023 0.000000 3298.678955 0.000000 0.484920 0.000000 0.874559 0.426467 0.426467 0.426467
51.455956 0.000000 3326.382080 0.000000 0.646190 0.000000 0.763176 0.425043 0.425043 0.425043
6.215335 0.000000 3325.031494 0.000000 0.334425 0.000000 0.942422 0.398797 0.398797 0.398797
45.943581 0.000000 3278.448730 0.000000 0.293924 0.000000 0.955829 0.419313 0.419313 0.419313
36.276176 0.000000 3309.340576 0.000000 0.112847 0.000000 0.993612 0.413824 0.413824 0.413824
21.208269 0.000000 3315.972900 0.000000 0.498578 0.000000 0.866845 0.396760 0.396760 0.396760
42.009567 0.000000 3331.030518 0.000000 0.069547 0.000000 0.997579 0.400416 0.400416 0.400416
45.433887 0.000000 3305.822998 0.000000 0.400139 0.000000 0.916454 0.465992 0.465992 0.465992
50.318432 0.000000 3276.299561 0.000000 0.131905 0.000000 0.991262 0.436023 0.436023 0.436023
54.864239 0.000000 3331.092285 0.000000 0.280406 0.000000 0.959881 0.431924 0.431924 0.431924
0.156715 0.000000 3330.993896 0.000000 0.570557 0.000000 0.821258 0.471378 0.471378 0.471378
53.013477 0.000000 3310.739990 0.000000 0.237743 0.000000 0.971328 0.470349 0.470349 0.470349
48.024090 0.000000 3328.628662 0.000000 0.170719 0.000000 0.985320 0.427546 0.427546 0.427546
17.939386 0.000000 3317.889404 0.000000 0.670905 0.000000 0.741544 0.445072 0.445072 0.445072
52.003998 0.000000 3279.421387 0.000000 0.595010 0.000000 0.803718 0.485169 0.485169 0.485169
25.680981 0.000000 3309.871338 0.000000 0.702188 0.000000 0.711992 0.494448 0.494448 0.494448
12.457558 0.000000 3327.869629 0.000000 0.513523 0.000000 0.858076 0.443768 0.443768 0.443768
42.835903 0.000000 3282.100098 0.000000 0.599157 0.000000 0.800631 0.436092 0.436092 0.436092
3.510957 0.000000 3323.021729 0.000000 0.617624 0.000000 0.786474 0.570445 0.570445 0.570445
57.384567 0.000000 3332.345459 0.000000 0.537130 0.000000 0.843500 0.459807 0.459807 0.459807
43.690216 0.000000 3279.657715 0.000000 0.048093 0.000000 0.998843 0.453684 0.453684 0.453684
23.340023 0.000000 3308.501221 0.000000 0.313883 0.000000 0.949462 0.558101 0.558101 0.558101
1.118544 0.000000 3320.823975 0.000000 0.329156 0.000000 0.944276 0.495555 0.495555 0.495555
122.807114 0.000000 3282.748291 0.000000 0.420795 0.000000 0.907156 0.385133 0.385133 0.385133
119.637939 0.000000 3291.837158 0.000000 0.023652 0.000000 0.999720 0.380069 0.380069 0.380069
113.519058 0.000000 3282.423340 0.000000 0.575271 0.000000 0.817963 0.482231 0.482231 0.482231
64.255028 0.000000 3323.234619 0.000000 0.160386 0.000000 0.987054 0.380362 0.380362 0.380362
98.900955 0.000000 3276.158447 0.000000 0.268145 0.000000 0.963379 0.382393 0.382393 0.382393
73.203842 0.000000 3311.794434 0.000000 0.665209 0.000000 0.746657 0.484831 0.484831 0.484831
108.063141 0.000000 3285.082764 0.000000 0.237276 0.000000 0.971442 0.498866 0.498866 0.498866
99.764938 0.000000 3301.940918 0.000000 0.036196 0.000000 0.999345 0.401038 0.401038 0.401038
87.491867 0.000000 3276.725342 0.000000 0.211156 0.000000 0.977452 0.387448 0.387448 0.387448
78.875725 0.000000 3320.855713 0.000000 0.464538 0.000000 0.885553 0.388975 0.388975 0.388975
74.351433 0.000000 3296.972656 0.000000 0.394664 0.000000 0.918825 0.501929 0.501929 0.501929
98.932579 0.000000 3330.170654 0.000000 0.329554 0.000000 0.944137 0.408174 0.408174 0.408174
114.318436 0.000000 3276.299561 0.000000 0.279797 0.000000 0.960059 0.390840 0.390840 0.390840
91.131508 0.000000 3292.214844 0.000000 0.668677 0.000000 0.743553 0.423115 0.423115 0.423115
126.270142 0.000000 3280.525146 0.000000 0.502499 0.000000 0.864578 0.445905 0.445905 0.445905
67.837212 0.000000 3299.655762 0.000000 0.635895 0.000000 0.771776 0.476752 0.476752 0.476752
75.941940 0.000000 3317.897705 0.000000 0.501563 0.000000 0.865121 0.546956 0.546956 0.546956
79.831329 0.000000 3280.265625 0.000000 0.277471 0.000000 0.960734 0.462039 0.462039 0.462039
92.431702 0.000000 3283.601562 0.000000 0.706958 0.000000 0.707256 0.430125 0.430125 0.430125
76.526733 0.000000 3299.139648 0.000000 0.232674 0.000000 0.972555 0.446071 0.446071 0.446071
64.936134 0.000000 3298.703369 0.000000 0.422003 0.000000 0.906594 0.471195 0.471195 0.471195
65.451508 0.000000 3285.486084 0.000000 0.641631 0.000000 0.767013 0.470899 0.470899 0.470899
84.984848 0.000000 3313.291748 0.000000 0.593526 0.000000 0.804815 0.471987 0.471987 0.471987
87.068283 0.000000 3280.604980 0.000000 0.452676 0.000000 0.891675 0.484850 0.484850 0.484850
86.077621 0.000000 3293.268311 0.000000 0.277272 0.000000 0.960791 0.473562 0.473562 0.473562
70.363693 0.000000 3285.606445 0.000000 0.289941 0.000000 0.957045 0.500253 0.500253 0.500253
74.235733 0.000000 3319.778076 0.000000 0.250657 0.000000 0.968076 0.523009 0.523009 0.523009
45.516556 0.000000 3347.311523 0.000000 0.559315 0.000000 0.828955 0.461544 0.461544 0.461544
21.705021 0.000000 3359.445801 0.000000 0.485287 0.000000 0.874355 0.385761 0.385761 0.385761
38.231171 0.000000 3371.107178 0.000000 0.192132 0.000000 0.981369 0.381499 0.381499 0.381499
31.758541 0.000000 3362.737793 0.000000 0.464676 0.000000 0.885481 0.384959 0.384959 0.384959
2.396606 0.000000 3334.440186 0.000000 0.299525 0.000000 0.954089 0.382672 0.382672 0.382672
55.637943 0.000000 3348.321533 0.000000 0.604818 0.000000 0.796363 0.426557 0.426557 0.426557
49.519058 0.000000 3338.907715 0.000000 0.180927 0.000000 0.983496 0.494015 0.494015 0.494015
9.400869 0.000000 3348.697266 0.000000 0.683046 0.000000 0.730376 0.466023 0.466023 0.466023
7.979943 0.000000 3374.713379 0.000000 0.664027 0.000000 0.747709 0.388529 0.388529 0.388529
56.550991 0.000000 3365.437256 0.000000 0.326125 0.000000 0.945327 0.386811 0.386811 0.386811
44.760445 0.000000 3371.083252 0.000000 0.181911 0.000000 0.983315 0.381290 0.381290 0.381290
17.256926 0.000000 3367.292969 0.000000 0.393244 0.000000 0.919434 0.383690 0.383690 0.383690
45.433887 0.000000 3362.307373 0.000000 0.066495 0.000000 0.997787 0.379514 0.379514 0.379514
14.875725 0.000000 3377.340088 0.000000 0.253294 0.000000 0.967389 0.392790 0.392790 0.392790
21.668737 0.000000 3342.366943 0.000000 0.559016 0.000000 0.829157 0.423176 0.423176 0.423176
5.119216 0.000000 3349.012451 0.000000 0.040599 0.000000 0.999176 0.402259 0.402259 0.402259
0.513980 0.000000 3348.658936 0.000000 0.646624 0.000000 0.762809 0.501069 0.501069 0.501069
45.374916 0.000000 3357.499756 0.000000 0.001360 0.000000 0.999999 0.419908 0.419908 0.419908
0.009782 0.000000 3374.770752 0.000000 0.637265 0.000000 0.770644 0.497182 0.497182 0.497182
29.020523 0.000000 3345.408447 0.000000 0.456636 0.000000 0.889654 0.427096 0.427096 0.427096
25.680981 0.000000 3366.355713 0.000000 0.234415 0.000000 0.972137 0.431050 0.431050 0.431050
34.857525 0.000000 3361.707031 0.000000 0.412580 0.000000 0.910921 0.435697 0.435697 0.435697
32.448994 0.000000 3358.573486 0.000000 0.465680 0.000000 0.884953 0.509751 0.509751 0.509751
9.278112 0.000000 3382.661621 0.000000 0.052313 0.000000 0.998631 0.428806 0.428806 0.428806
0.042355 0.000000 3332.585449 0.000000 0.467933 0.000000 0.883764 0.481728 0.481728 0.481728
25.283907 0.000000 3354.195801 0.000000 0.016661 0.000000 0.999861 0.479884 0.479884 0.479884
33.491734 0.000000 3338.473389 0.000000 0.114141 0.000000 0.993465 0.505743 0.505743 0.505743
57.460709 0.000000 3332.681396 0.000000 0.307745 0.000000 0.951469 0.454593 0.454593 0.454593
44.051785 0.000000 3364.672363 0.000000 0.548023 0.000000 0.836463 0.480298 0.480298 0.480298
53.428066 0.000000 3350.419434 0.000000 0.091338 0.000000 0.995820 0.495104 0.495104 0.495104
92.793762 0.000000 3335.419922 0.000000 0.110439 0.000000 0.993883 0.380899 0.380899 0.380899
64.098709 0.000000 3339.527100 0.000000 0.377954 0.000000 0.925824 0.383753 0.383753 0.383753
96.618027 0.000000 3335.943848 0.000000 0.232702 0.000000 0.972548 0.408883 0.408883 0.408883
93.020523 0.000000 3345.408447 0.000000 0.614904 0.000000 0.788602 0.424355 0.424355 0.424355
100.575264 0.000000 3334.967041 0.000000 0.632512 0.000000 0.774550 0.489851 0.489851 0.489851
93.958832 0.000000 3342.778564 0.000000 0.519494 0.000000 0.854474 0.488991 0.488991 0.488991
159.453522 0.000000 3292.823975 0.000000 0.314079 0.000000 0.949397 0.383630 0.383630 0.383630
162.015045 0.000000 3296.589355 0.000000 0.462302 0.000000 0.886723 0.448575 0.448575 0.448575
132.948593 0.000000 3276.208740 0.000000 0.486285 0.000000 0.873801 0.433649 0.433649 0.433649
155.678024 0.000000 3281.107910 0.000000 0.163599 0.000000 0.986527 0.474343 0.474343 0.474343
12.978472 0.000000 3389.798584 0.000000 0.228600 0.000000 0.973520 0.381464 0.381464 0.381464
4.458565 0.000000 3500.012939 0.000000 0.317283 0.000000 0.948331 0.552332 0.552332 0.552332
38.346775 0.000000 3499.804443 0.000000 0.234236 0.000000 0.972180 0.501056 0.501056 0.501056
9.866176 0.000000 3484.619141 0.000000 0.018748 0.000000 0.999824 0.427048 0.427048 0.427048
10.235731 0.000000 3489.231201 0.000000 0.502394 0.000000 0.864639 0.523702 0.523702 0.523702
2.552782 0.000000 3501.623047 0.000000 0.424284 0.000000 0.905529 0.558009 0.558009 0.558009
20.569408 0.000000 3507.417725 0.000000 0.542338 0.000000 0.840160 0.386601 0.386601 0.386601
5247.586426 0.000000 618.278320 0.000000 0.564946 0.000000 0.825128 0.387016 0.387016 0.387016
5228.662598 0.000000 671.908325 0.000000 0.262214 0.000000 0.965010 0.397638 0.397638 0.397638
5225.260742 0.000000 665.550293 0.000000 0.114941 0.000000 0.993372 0.546363 0.546363 0.546363
5234.584961 0.000000 649.222351 0.000000 0.627323 0.000000 0.778759 0.413698 0.413698 0.413698
5232.023926 0.000000 673.863159 0.000000 0.309897 0.000000 0.950770 0.412549 0.412549 0.412549
5218.735840 0.000000 660.981201 0.000000 0.436594 0.000000 0.899659 0.562957 0.562957 0.562957
5239.060547 0.000000 662.927856 0.000000 0.700413 0.000000 0.713737 0.498015 0.498015 0.498015
5245.611816 0.000000 660.087769 0.000000 0.398456 0.000000 0.917188 0.454236 0.454236 0.454236
5207.191895 0.000000 667.218750 0.000000 0.423353 0.000000 0.905965 0.559330 0.559330 0.559330
5227.601562 0.000000 674.228210 0.000000 0.397634 0.000000 0.917544 0.512416 0.512416 0.512416
5268.968750 0.000000 616.968872 0.000000 0.267339 0.000000 0.963602 0.440979 0.440979 0.440979
5296.205566 0.000000 621.302490 0.000000 0.551282 0.000000 0.834319 0.404937 0.404937 0.404937
5269.208496 0.000000 604.722961 0.000000 0.366755 0.000000 0.930318 0.451201 0.451201 0.451201
5290.009766 0.000000 619.780396 0.000000 0.553519 0.000000 0.832836 0.406186 0.406186 0.406186
5264.971680 0.000000 614.020752 0.000000 0.212783 0.000000 0.977100 0.417871 0.417871 0.417871
5251.510742 0.000000 611.771729 0.000000 0.287374 0.000000 0.957818 0.444869 0.444869 0.444869
5269.934570 0.000000 619.655701 0.000000 0.373968 0.000000 0.927442 0.450185 0.450185 0.450185
5262.604980 0.000000 612.420715 0.000000 0.340483 0.000000 0.940251 0.458798 0.458798 0.458798
5370.368164 0.000000 616.769714 0.000000 0.132507 0.000000 0.991182 0.380446 0.380446 0.380446
5363.402344 0.000000 618.810974 0.000000 0.315715 0.000000 0.948854 0.460573 0.460573 0.460573
5276.793945 0.000000 624.169922 0.000000 0.084973 0.000000 0.996383 0.429411 0.429411 0.429411
5306.807129 0.000000 627.982666 0.000000 0.675943 0.000000 0.736954 0.388995 0.388995 0.388995
5289.563477 0.000000 647.819153 0.000000 0.418522 0.000000 0.908207 0.384304 0.384304 0.384304
5250.396484 0.000000 623.190247 0.000000 0.275601 0.000000 0.961272 0.416643 0.416643 0.416643
5297.519043 0.000000 627.657776 0.000000 0.424944 0.000000 0.905219 0.440677 0.440677 0.440677
5302.816895 0.000000 622.578918 0.000000 0.460338 0.000000 0.887744 0.514252 0.514252 0.514252
5292.062988 0.000000 630.317261 0.000000 0.164175 0.000000 0.986431 0.465260 0.465260 0.465260
5257.641113 0.000000 674.515991 0.000000 0.302898 0.000000 0.953023 0.386460 0.386460 0.386460
5288.763184 0.000000 636.450317 0.000000 0.286203 0.000000 0.958169 0.386209 0.386209 0.386209
5298.318359 0.000000 621.533997 0.000000 0.068344 0.000000 0.997662 0.419950 0.419950 0.419950
5286.686523 0.000000 621.633911 0.000000 0.478665 0.000000 0.877998 0.477299 0.477299 0.477299
5290.673340 0.000000 621.472046 0.000000 0.608858 0.000000 0.793280 0.427854 0.427854 0.427854
5277.020508 0.000000 634.158508 0.000000 0.481914 0.000000 0.876218 0.420438 0.420438 0.420438
5290.835938 0.000000 627.334412 0.000000 0.421600 0.000000 0.906782 0.473527 0.473527 0.473527
5289.967773 0.000000 651.146057 0.000000 0.109864 0.000000 0.993947 0.426430 0.426430 0.426430
5268.436035 0.000000 663.599976 0.000000 0.360164 0.000000 0.932889 0.466230 0.466230 0.466230
5271.935547 0.000000 658.383240 0.000000 0.101548 0.000000 0.994831 0.497600 0.497600 0.497600
5304.742188 0.000000 651.221985 0.000000 0.102140 0.000000 0.994770 0.470668 0.470668 0.470668
5313.318848 0.000000 660.216553 0.000000 0.157700 0.000000 0.987487 0.454854 0.454854 0.454854
5362.789551 0.000000 633.415405 0.000000 0.562431 0.000000 0.826844 0.420837 0.420837 0.420837
5364.014648 0.000000 630.171448 0.000000 0.446149 0.000000 0.894959 0.441122 0.441122 0.441122
5363.759277 0.000000 652.692993 0.000000 0.650817 0.000000 0.759235 0.509585 0.509585 0.509585
5316.948730 0.000000 621.443176 0.000000 0.360335 0.000000 0.932823 0.456905 0.456905 0.456905
5355.690430 0.000000 624.892090 0.000000 0.406436 0.000000 0.913679 0.487153 0.487153 0.487153
5179.100586 0.000000 687.905212 0.000000 0.492107 0.000000 0.870535 0.516376 0.516376 0.516376
5181.251953 0.000000 684.627014 0.000000 0.634554 0.000000 0.772879 0.524542 0.524542 0.524542
5202.127930 0.000000 691.088562 0.000000 0.504636 0.000000 0.863332 0.386215 0.386215 0.386215
5242.368164 0.000000 729.738464 0.000000 0.498672 0.000000 0.866791 0.389534 0.389534 0.389534
5214.530273 0.000000 701.272583 0.000000 0.075058 0.000000 0.997179 0.381961 0.381961 0.381961
5191.914551 0.000000 679.649414 0.000000 0.620074 0.000000 0.784543 0.387390 0.387390 0.387390
5245.524414 0.000000 694.882202 0.000000 0.556114 0.000000 0.831106 0.453104 0.453104 0.453104
5242.462402 0.000000 694.882568 0.000000 0.556417 0.000000 0.830903 0.433941 0.433941 0.433941
5193.604492 0.000000 705.266907 0.000000 0.343019 0.000000 0.939328 0.505122 0.505122 0.505122
5194.329590 0.000000 702.517090 0.000000 0.637125 0.000000 0.770761 0.551934 0.551934 0.551934
5222.646484 0.000000 709.969727 0.000000 0.041419 0.000000 0.999142 0.472650 0.472650 0.472650
5219.689941 0.000000 729.414124 0.000000 0.428302 0.000000 0.903636 0.492387 0.492387 0.492387
5206.077637 0.000000 694.987183 0.000000 0.417460 0.000000 0.908695 0.561146 0.561146 0.561146
5215.328613 0.000000 728.134399 0.000000 0.515893 0.000000 0.856653 0.501848 0.501848 0.501848
5224.015625 0.000000 741.925476 0.000000 0.547631 0.000000 0.836720 0.428950 0.428950 0.428950
5289.385742 0.000000 710.730652 0.000000 0.115176 0.000000 0.993345 0.381368 0.381368 0.381368
"}
object={
	name="pine_dense_generator_1_2"
	clamp_to_water_level=no
	render_under_water=no
	generated_content=yes
	layer="semidynamic"
	pdxmesh="tree_fir_003_mesh"
	count=172
	transform="122.368271 0.000000 3271.535400 0.000000 0.945636 0.000000 0.325227 0.395402 0.395402 0.395402
118.382050 0.000000 3248.937012 0.000000 0.961100 0.000000 0.276199 0.509039 0.509039 0.509039
121.910492 0.000000 3267.560303 0.000000 0.912497 0.000000 0.409083 0.470490 0.470490 0.470490
91.595108 0.000000 3270.133057 0.000000 0.724139 0.000000 0.689654 0.458687 0.458687 0.458687
102.646332 0.000000 3251.766602 0.000000 0.988642 0.000000 0.150290 0.479878 0.479878 0.479878
117.633766 0.000000 3256.666504 0.000000 0.741724 0.000000 0.670705 0.520066 0.520066 0.520066
148.968506 0.000000 3271.734375 0.000000 0.990762 0.000000 0.135611 0.416856 0.416856 0.416856
137.400864 0.000000 3235.728516 0.000000 0.981982 0.000000 0.188974 0.414733 0.414733 0.414733
145.939392 0.000000 3261.405029 0.000000 0.994469 0.000000 0.105031 0.498950 0.498950 0.498950
137.866180 0.000000 3258.681641 0.000000 0.857249 0.000000 0.514901 0.474276 0.474276 0.474276
146.230423 0.000000 3257.645020 0.000000 0.873421 0.000000 0.486966 0.432437 0.432437 0.432437
142.604950 0.000000 3267.186279 0.000000 0.876270 0.000000 0.481820 0.536048 0.536048 0.536048
130.552780 0.000000 3275.685547 0.000000 0.939361 0.000000 0.342931 0.541447 0.541447 0.541447
20.968512 0.000000 3328.218750 0.000000 0.999757 0.000000 0.022034 0.400344 0.400344 0.400344
21.705021 0.000000 3302.961426 0.000000 0.830383 0.000000 0.557194 0.392328 0.392328 0.392328
48.205395 0.000000 3332.552490 0.000000 0.982901 0.000000 0.184133 0.397448 0.397448 0.397448
41.563477 0.000000 3302.584717 0.000000 0.956444 0.000000 0.291915 0.469225 0.469225 0.469225
37.982437 0.000000 3326.355469 0.000000 0.937640 0.000000 0.347609 0.492090 0.492090 0.492090
9.203840 0.000000 3311.794434 0.000000 0.813457 0.000000 0.581625 0.391508 0.391508 0.391508
32.032192 0.000000 3313.031738 0.000000 0.993399 0.000000 0.114706 0.401630 0.401630 0.401630
4.763561 0.000000 3312.285889 0.000000 0.860108 0.000000 0.510112 0.423221 0.423221 0.423221
38.535759 0.000000 3305.601807 0.000000 0.999985 0.000000 0.005532 0.523394 0.523394 0.523394
38.889183 0.000000 3299.533447 0.000000 0.928849 0.000000 0.370459 0.427052 0.427052 0.427052
40.974636 0.000000 3287.615234 0.000000 0.864548 0.000000 0.502551 0.420860 0.420860 0.420860
46.043034 0.000000 3281.948486 0.000000 0.994984 0.000000 0.100035 0.579294 0.579294 0.579294
58.305252 0.000000 3320.075195 0.000000 0.993315 0.000000 0.115436 0.462491 0.462491 0.462491
18.230425 0.000000 3314.129395 0.000000 0.853618 0.000000 0.520899 0.493995 0.493995 0.493995
50.798107 0.000000 3312.774902 0.000000 0.961963 0.000000 0.273179 0.496382 0.496382 0.496382
53.633766 0.000000 3313.150879 0.000000 0.792227 0.000000 0.610226 0.491513 0.491513 0.491513
109.516556 0.000000 3290.827148 0.000000 0.937376 0.000000 0.348319 0.412194 0.412194 0.412194
85.705017 0.000000 3302.961426 0.000000 0.961541 0.000000 0.274661 0.396430 0.396430 0.396430
76.978470 0.000000 3276.829834 0.000000 0.999840 0.000000 0.017913 0.399769 0.399769 0.399769
71.671623 0.000000 3300.950195 0.000000 0.972468 0.000000 0.233035 0.396782 0.396782 0.396782
75.959480 0.000000 3324.584717 0.000000 0.912063 0.000000 0.410050 0.521948 0.521948 0.521948
127.957878 0.000000 3296.992676 0.000000 0.796219 0.000000 0.605009 0.426296 0.426296 0.426296
84.569412 0.000000 3281.480225 0.000000 0.936420 0.000000 0.350880 0.426129 0.426129 0.426129
72.407578 0.000000 3283.906006 0.000000 0.974474 0.000000 0.224501 0.402613 0.402613 0.402613
79.273125 0.000000 3298.012207 0.000000 0.787196 0.000000 0.616703 0.390842 0.390842 0.390842
68.032555 0.000000 3307.705322 0.000000 0.773538 0.000000 0.633750 0.436785 0.436785 0.436785
71.979942 0.000000 3318.229004 0.000000 0.933320 0.000000 0.359046 0.394994 0.394994 0.394994
94.530106 0.000000 3299.553711 0.000000 0.933774 0.000000 0.357862 0.395510 0.395510 0.395510
125.292694 0.000000 3288.652832 0.000000 0.996928 0.000000 0.078318 0.422942 0.422942 0.422942
73.640953 0.000000 3329.281494 0.000000 0.913535 0.000000 0.406761 0.399834 0.399834 0.399834
70.330482 0.000000 3288.190674 0.000000 0.894744 0.000000 0.446579 0.401722 0.401722 0.401722
99.991211 0.000000 3291.820312 0.000000 0.970203 0.000000 0.242294 0.545590 0.545590 0.545590
125.524185 0.000000 3293.163574 0.000000 0.833035 0.000000 0.553220 0.479516 0.479516 0.479516
68.763565 0.000000 3312.285889 0.000000 0.881269 0.000000 0.472616 0.405069 0.405069 0.405069
76.457558 0.000000 3327.869629 0.000000 0.954387 0.000000 0.298572 0.463994 0.463994 0.463994
122.462234 0.000000 3293.163818 0.000000 0.796622 0.000000 0.604477 0.439924 0.439924 0.439924
74.072250 0.000000 3332.265869 0.000000 0.768612 0.000000 0.639715 0.493092 0.493092 0.493092
99.200424 0.000000 3288.890625 0.000000 0.975168 0.000000 0.221467 0.468123 0.468123 0.468123
103.591423 0.000000 3317.929688 0.000000 0.976301 0.000000 0.216418 0.510505 0.510505 0.510505
66.822769 0.000000 3310.061768 0.000000 0.970407 0.000000 0.241476 0.483063 0.483063 0.483063
76.721344 0.000000 3314.418701 0.000000 0.832621 0.000000 0.553844 0.468354 0.468354 0.468354
78.389336 0.000000 3309.478516 0.000000 0.826755 0.000000 0.562562 0.517504 0.517504 0.517504
63.957878 0.000000 3353.477051 0.000000 0.945795 0.000000 0.324766 0.529336 0.529336 0.529336
8.407581 0.000000 3340.390381 0.000000 0.994022 0.000000 0.109176 0.398531 0.398531 0.398531
48.542023 0.000000 3355.163330 0.000000 0.833769 0.000000 0.552113 0.392173 0.392173 0.392173
22.477802 0.000000 3367.471436 0.000000 0.978550 0.000000 0.206009 0.417039 0.417039 0.417039
61.512291 0.000000 3332.604248 0.000000 0.977644 0.000000 0.210266 0.454232 0.454232 0.454232
36.045864 0.000000 3337.853027 0.000000 0.835959 0.000000 0.548792 0.401246 0.401246 0.401246
50.318432 0.000000 3332.783936 0.000000 0.923204 0.000000 0.384311 0.438194 0.438194 0.438194
38.535759 0.000000 3362.086182 0.000000 0.986125 0.000000 0.166007 0.416381 0.416381 0.416381
1.884608 0.000000 3383.630615 0.000000 0.921432 0.000000 0.388541 0.474730 0.474730 0.474730
27.932798 0.000000 3352.847656 0.000000 0.735113 0.000000 0.677945 0.449221 0.449221 0.449221
47.663208 0.000000 3342.590088 0.000000 0.791259 0.000000 0.611481 0.515968 0.515968 0.515968
40.974636 0.000000 3344.099609 0.000000 0.993072 0.000000 0.117504 0.445626 0.445626 0.445626
52.003998 0.000000 3335.905762 0.000000 0.853186 0.000000 0.521607 0.470382 0.470382 0.470382
47.917362 0.000000 3369.360107 0.000000 0.842098 0.000000 0.539325 0.446337 0.446337 0.446337
33.099709 0.000000 3366.527832 0.000000 0.961678 0.000000 0.274182 0.502725 0.502725 0.502725
6.508041 0.000000 3384.669189 0.000000 0.831545 0.000000 0.555458 0.453433 0.453433 0.453433
38.581123 0.000000 3367.702637 0.000000 0.965857 0.000000 0.259077 0.576892 0.576892 0.576892
10.072254 0.000000 3388.750244 0.000000 0.824358 0.000000 0.566069 0.448226 0.448226 0.448226
7.437282 0.000000 3387.621826 0.000000 0.811480 0.000000 0.584381 0.482397 0.482397 0.482397
20.094954 0.000000 3347.979004 0.000000 0.732222 0.000000 0.681067 0.474783 0.474783 0.474783
24.795364 0.000000 3360.490234 0.000000 0.921745 0.000000 0.387797 0.453294 0.453294 0.453294
27.635559 0.000000 3355.628418 0.000000 0.727722 0.000000 0.685873 0.483160 0.483160 0.483160
61.738361 0.000000 3360.827393 0.000000 0.984895 0.000000 0.173152 0.470387 0.470387 0.470387
6.363694 0.000000 3342.090820 0.000000 0.978960 0.000000 0.204052 0.495421 0.495421 0.495421
37.463818 0.000000 3340.183594 0.000000 0.994596 0.000000 0.103820 0.530038 0.530038 0.530038
56.742149 0.000000 3362.471924 0.000000 0.894287 0.000000 0.447494 0.510911 0.510911 0.510911
66.396606 0.000000 3334.440186 0.000000 0.798839 0.000000 0.601544 0.391105 0.391105 0.391105
100.045868 0.000000 3337.853027 0.000000 0.979198 0.000000 0.202908 0.406794 0.406794 0.406794
78.686684 0.000000 3347.169678 0.000000 0.997710 0.000000 0.067643 0.530960 0.530960 0.530960
145.256927 0.000000 3310.808594 0.000000 0.851526 0.000000 0.524313 0.461610 0.461610 0.461610
153.237595 0.000000 3282.252686 0.000000 0.947463 0.000000 0.319865 0.419028 0.419028 0.419028
157.237427 0.000000 3309.615967 0.000000 0.873455 0.000000 0.486906 0.432439 0.432439 0.432439
143.197052 0.000000 3287.726562 0.000000 0.962327 0.000000 0.271894 0.437723 0.437723 0.437723
147.991608 0.000000 3309.321289 0.000000 0.810624 0.000000 0.585567 0.446542 0.446542 0.446542
128.042358 0.000000 3276.101074 0.000000 0.938978 0.000000 0.343978 0.532591 0.532591 0.532591
8.908510 0.000000 3491.446777 0.000000 0.775941 0.000000 0.630805 0.452870 0.452870 0.452870
28.793758 0.000000 3504.873047 0.000000 0.943341 0.000000 0.331825 0.408642 0.408642 0.408642
34.900955 0.000000 3502.095947 0.000000 0.952872 0.000000 0.303372 0.528653 0.528653 0.528653
5242.544434 0.000000 661.751221 0.000000 0.857409 0.000000 0.514636 0.414372 0.414372 0.414372
5240.065918 0.000000 646.690735 0.000000 0.982819 0.000000 0.184574 0.421244 0.421244 0.421244
5233.272949 0.000000 654.953064 0.000000 0.758092 0.000000 0.652147 0.390210 0.390210 0.390210
5239.638184 0.000000 637.071594 0.000000 0.999434 0.000000 0.033635 0.399546 0.399546 0.399546
5204.089355 0.000000 666.145020 0.000000 0.991620 0.000000 0.129185 0.486780 0.486780 0.486780
5221.098633 0.000000 664.199097 0.000000 0.710372 0.000000 0.703826 0.557318 0.557318 0.557318
5246.419434 0.000000 663.475403 0.000000 0.992477 0.000000 0.122432 0.446832 0.446832 0.446832
5235.634277 0.000000 664.055969 0.000000 0.773659 0.000000 0.633602 0.505493 0.505493 0.505493
5226.288574 0.000000 644.475952 0.000000 0.939174 0.000000 0.343442 0.577936 0.577936 0.577936
5242.028320 0.000000 634.426697 0.000000 0.709380 0.000000 0.704826 0.430185 0.430185 0.430185
5225.064941 0.000000 673.033691 0.000000 0.788998 0.000000 0.614396 0.576702 0.576702 0.576702
5239.819336 0.000000 640.159058 0.000000 0.757159 0.000000 0.653231 0.462118 0.462118 0.462118
5209.916992 0.000000 666.094299 0.000000 0.980177 0.000000 0.198125 0.537864 0.537864 0.537864
5223.591309 0.000000 663.164185 0.000000 0.990735 0.000000 0.135813 0.584633 0.584633 0.584633
5203.443848 0.000000 671.247925 0.000000 0.737056 0.000000 0.675831 0.473716 0.473716 0.473716
5306.368164 0.000000 616.769714 0.000000 0.885951 0.000000 0.463779 0.454221 0.454221 0.454221
5311.586426 0.000000 618.278320 0.000000 0.991937 0.000000 0.126732 0.418288 0.418288 0.418288
5248.156738 0.000000 619.743958 0.000000 0.762476 0.000000 0.647016 0.420452 0.420452 0.420452
5296.023926 0.000000 617.378784 0.000000 0.753648 0.000000 0.657279 0.425159 0.425159 0.425159
5286.346680 0.000000 619.101440 0.000000 0.788594 0.000000 0.614914 0.428560 0.428560 0.428560
5276.380371 0.000000 619.694092 0.000000 0.996252 0.000000 0.086494 0.474724 0.474724 0.474724
5316.458496 0.000000 619.309692 0.000000 0.896451 0.000000 0.443142 0.425734 0.425734 0.425734
5311.487305 0.000000 651.555847 0.000000 0.967814 0.000000 0.251667 0.396621 0.396621 0.396621
5285.432617 0.000000 632.355164 0.000000 0.900429 0.000000 0.435003 0.551187 0.551187 0.551187
5281.210449 0.000000 666.201477 0.000000 0.946387 0.000000 0.323035 0.425343 0.425343 0.425343
5254.215332 0.000000 670.265747 0.000000 0.748929 0.000000 0.662650 0.447160 0.447160 0.447160
5262.953125 0.000000 675.299805 0.000000 0.922783 0.000000 0.385320 0.394509 0.394509 0.394509
5248.098633 0.000000 628.277100 0.000000 0.988780 0.000000 0.149379 0.415349 0.415349 0.415349
5264.971680 0.000000 670.505127 0.000000 0.810454 0.000000 0.585802 0.395599 0.395599 0.395599
5292.083496 0.000000 641.389099 0.000000 0.868453 0.000000 0.495772 0.405930 0.405930 0.405930
5307.211426 0.000000 650.946289 0.000000 0.947931 0.000000 0.318477 0.408854 0.408854 0.408854
5248.514160 0.000000 637.408997 0.000000 0.868680 0.000000 0.495374 0.419740 0.419740 0.419740
5310.419434 0.000000 663.475403 0.000000 0.995573 0.000000 0.093995 0.567833 0.567833 0.567833
5293.311035 0.000000 655.678040 0.000000 0.948312 0.000000 0.317340 0.413972 0.413972 0.413972
5302.381836 0.000000 650.655762 0.000000 0.729090 0.000000 0.684418 0.419627 0.419627 0.419627
5300.003906 0.000000 624.655701 0.000000 0.909648 0.000000 0.415379 0.486688 0.486688 0.486688
5295.537109 0.000000 648.456604 0.000000 0.966407 0.000000 0.257018 0.458452 0.458452 0.458452
5273.661133 0.000000 624.394348 0.000000 0.999504 0.000000 0.031496 0.479746 0.479746 0.479746
5257.278320 0.000000 671.411682 0.000000 0.999601 0.000000 0.028248 0.486332 0.486332 0.486332
5273.916992 0.000000 666.094299 0.000000 0.950628 0.000000 0.310334 0.444668 0.444668 0.444668
5292.194824 0.000000 633.405518 0.000000 0.992327 0.000000 0.123644 0.468799 0.468799 0.468799
5286.581055 0.000000 656.452576 0.000000 0.956439 0.000000 0.291932 0.467951 0.467951 0.467951
5278.608887 0.000000 626.867798 0.000000 0.993798 0.000000 0.111204 0.472929 0.472929 0.472929
5302.158691 0.000000 653.387878 0.000000 0.912438 0.000000 0.409216 0.506927 0.506927 0.506927
5266.498535 0.000000 625.146118 0.000000 0.765393 0.000000 0.643563 0.492976 0.492976 0.492976
5279.328613 0.000000 671.650024 0.000000 0.773002 0.000000 0.634403 0.487135 0.487135 0.487135
5313.451172 0.000000 633.503784 0.000000 0.846921 0.000000 0.531718 0.511027 0.511027 0.511027
5319.671387 0.000000 646.184692 0.000000 0.991076 0.000000 0.133297 0.537023 0.537023 0.537023
5330.127930 0.000000 634.604187 0.000000 0.838084 0.000000 0.545541 0.397550 0.397550 0.397550
5314.396484 0.000000 623.190247 0.000000 0.881204 0.000000 0.472737 0.472794 0.472794 0.472794
5316.032715 0.000000 652.939697 0.000000 0.787769 0.000000 0.615971 0.498699 0.498699 0.498699
5357.943359 0.000000 623.683044 0.000000 0.879320 0.000000 0.476231 0.497667 0.497667 0.497667
5319.914551 0.000000 623.165039 0.000000 0.958382 0.000000 0.285490 0.415766 0.415766 0.415766
5367.531250 0.000000 631.931824 0.000000 0.995228 0.000000 0.097574 0.457650 0.457650 0.457650
5354.288574 0.000000 644.475952 0.000000 0.999243 0.000000 0.038897 0.505645 0.505645 0.505645
5363.016113 0.000000 642.179260 0.000000 0.901007 0.000000 0.433805 0.442281 0.442281 0.442281
5313.451660 0.000000 630.720581 0.000000 0.727956 0.000000 0.685624 0.509860 0.509860 0.509860
5315.913086 0.000000 632.264648 0.000000 0.789019 0.000000 0.614368 0.534180 0.534180 0.534180
5178.807129 0.000000 684.467041 0.000000 0.949500 0.000000 0.313768 0.511907 0.511907 0.511907
5173.566895 0.000000 690.274719 0.000000 0.826168 0.000000 0.563424 0.518707 0.518707 0.518707
5176.473633 0.000000 685.943237 0.000000 0.997639 0.000000 0.068671 0.529636 0.529636 0.529636
5240.065918 0.000000 703.175110 0.000000 0.983514 0.000000 0.180833 0.425170 0.425170 0.425170
5231.722656 0.000000 722.132141 0.000000 0.993986 0.000000 0.109507 0.474258 0.474258 0.474258
5239.638184 0.000000 693.555969 0.000000 0.790758 0.000000 0.612129 0.390922 0.390922 0.390922
5240.550781 0.000000 710.671692 0.000000 0.941948 0.000000 0.335758 0.418762 0.418762 0.418762
5184.098633 0.000000 684.761475 0.000000 0.988797 0.000000 0.149268 0.595051 0.595051 0.595051
5210.364746 0.000000 703.373840 0.000000 0.989647 0.000000 0.143520 0.446453 0.446453 0.446453
5238.173828 0.000000 683.996765 0.000000 0.994693 0.000000 0.102885 0.444590 0.444590 0.444590
5201.260254 0.000000 704.269653 0.000000 0.741030 0.000000 0.671471 0.434670 0.434670 0.434670
5224.974609 0.000000 689.334045 0.000000 0.841312 0.000000 0.540550 0.442576 0.442576 0.442576
5209.916992 0.000000 722.578674 0.000000 0.888298 0.000000 0.459267 0.489368 0.489368 0.489368
5217.062500 0.000000 729.886414 0.000000 0.900290 0.000000 0.435291 0.585361 0.585361 0.585361
5225.128906 0.000000 698.678162 0.000000 0.811016 0.000000 0.585024 0.555956 0.555956 0.555956
5203.362793 0.000000 705.800354 0.000000 0.999379 0.000000 0.035231 0.564347 0.564347 0.564347
5260.978516 0.000000 678.548462 0.000000 0.722772 0.000000 0.691086 0.397331 0.397331 0.397331
5250.500488 0.000000 697.556580 0.000000 0.996078 0.000000 0.088477 0.398810 0.398810 0.398810
5284.276367 0.000000 711.059265 0.000000 0.868441 0.000000 0.495793 0.475987 0.475987 0.475987
5248.514160 0.000000 693.893372 0.000000 0.995689 0.000000 0.092754 0.421415 0.421415 0.421415
5295.339355 0.000000 678.058533 0.000000 0.998644 0.000000 0.052060 0.575563 0.575563 0.575563
"}
object={
	name="pine_dense_generator_1_3"
	clamp_to_water_level=no
	render_under_water=no
	generated_content=yes
	layer="semidynamic"
	pdxmesh="tree_fir_004_mesh"
	count=168
	transform="105.563477 0.000000 3246.100342 0.000000 0.893129 0.000000 -0.449801 0.462767 0.462767 0.462767
94.236908 0.000000 3272.139160 0.000000 0.966255 0.000000 -0.257589 0.403460 0.403460 0.403460
105.385597 0.000000 3252.527588 0.000000 0.949916 0.000000 -0.312506 0.531318 0.531318 0.531318
119.107956 0.000000 3264.810791 0.000000 0.952370 0.000000 -0.304943 0.449181 0.449181 0.449181
114.585175 0.000000 3247.503662 0.000000 0.988448 0.000000 -0.151559 0.416012 0.416012 0.416012
100.276176 0.000000 3252.856201 0.000000 0.981959 0.000000 -0.189094 0.411281 0.411281 0.411281
105.322739 0.000000 3267.885010 0.000000 0.826306 0.000000 -0.563221 0.494038 0.494038 0.494038
102.581123 0.000000 3254.733887 0.000000 0.788014 0.000000 -0.615658 0.571836 0.571836 0.571836
127.976585 0.000000 3270.224854 0.000000 0.770771 0.000000 -0.637113 0.526523 0.526523 0.526523
144.971893 0.000000 3268.786377 0.000000 0.967817 0.000000 -0.251657 0.438878 0.438878 0.438878
131.837204 0.000000 3243.171387 0.000000 0.796364 0.000000 -0.604817 0.442710 0.442710 0.442710
135.437286 0.000000 3274.653076 0.000000 0.813733 0.000000 -0.581239 0.552597 0.552597 0.552597
140.375214 0.000000 3274.277100 0.000000 0.919476 0.000000 -0.393145 0.545662 0.545662 0.545662
45.516556 0.000000 3290.827148 0.000000 0.923318 0.000000 -0.384036 0.564436 0.564436 0.564436
15.130927 0.000000 3315.465576 0.000000 0.891580 0.000000 -0.452863 0.449252 0.449252 0.449252
31.758541 0.000000 3306.253418 0.000000 0.932564 0.000000 -0.361005 0.424652 0.424652 0.424652
49.519058 0.000000 3282.423340 0.000000 0.815346 0.000000 -0.578974 0.522052 0.522052 0.522052
14.007314 0.000000 3306.983887 0.000000 0.800848 0.000000 -0.598867 0.408624 0.408624 0.408624
4.032556 0.000000 3307.705322 0.000000 0.741248 0.000000 -0.671232 0.409957 0.409957 0.409957
7.979943 0.000000 3318.229004 0.000000 0.989254 0.000000 -0.146207 0.408001 0.408001 0.408001
41.385597 0.000000 3309.011963 0.000000 0.995202 0.000000 -0.097846 0.404664 0.404664 0.404664
55.107960 0.000000 3321.295166 0.000000 0.879932 0.000000 -0.475100 0.452403 0.452403 0.452403
26.074072 0.000000 3306.610107 0.000000 0.729173 0.000000 -0.684329 0.415385 0.415385 0.415385
26.709890 0.000000 3313.133789 0.000000 0.907155 0.000000 -0.420796 0.614573 0.614573 0.614573
3.505235 0.000000 3319.520020 0.000000 0.798615 0.000000 -0.601843 0.449522 0.449522 0.449522
59.211338 0.000000 3305.711914 0.000000 0.994297 0.000000 -0.106647 0.466751 0.466751 0.466751
29.237432 0.000000 3309.615967 0.000000 0.841965 0.000000 -0.539533 0.455072 0.455072 0.455072
31.334412 0.000000 3317.079102 0.000000 0.995655 0.000000 -0.093116 0.419076 0.419076 0.419076
38.686340 0.000000 3276.399414 0.000000 0.946852 0.000000 -0.321668 0.430708 0.430708 0.430708
42.673435 0.000000 3276.237549 0.000000 0.873798 0.000000 -0.486289 0.483979 0.483979 0.483979
33.099709 0.000000 3310.043457 0.000000 0.993299 0.000000 -0.115574 0.452404 0.452404 0.452404
59.100796 0.000000 3286.186523 0.000000 0.878097 0.000000 -0.478482 0.561822 0.561822 0.561822
17.722639 0.000000 3328.270996 0.000000 0.760194 0.000000 -0.649696 0.461624 0.461624 0.461624
29.423063 0.000000 3314.645508 0.000000 0.993172 0.000000 -0.116657 0.604317 0.604317 0.604317
61.738361 0.000000 3304.343018 0.000000 0.838492 0.000000 -0.544914 0.547318 0.547318 0.547318
16.716866 0.000000 3308.191650 0.000000 0.857358 0.000000 -0.514721 0.549167 0.549167 0.549167
49.393936 0.000000 3301.423584 0.000000 0.993472 0.000000 -0.114072 0.534262 0.534262 0.534262
105.563477 0.000000 3302.584717 0.000000 0.999074 0.000000 -0.043033 0.400585 0.400585 0.400585
95.758545 0.000000 3306.253418 0.000000 1.000000 0.000000 -0.000651 0.400009 0.400009 0.400009
78.007317 0.000000 3306.983887 0.000000 0.919259 0.000000 -0.393652 0.522582 0.522582 0.522582
78.873108 0.000000 3284.140869 0.000000 0.978127 0.000000 -0.208009 0.538002 0.538002 0.538002
70.215332 0.000000 3325.031494 0.000000 0.999284 0.000000 -0.037834 0.475922 0.475922 0.475922
64.098709 0.000000 3283.042725 0.000000 0.772420 0.000000 -0.635112 0.410325 0.410325 0.410325
81.256927 0.000000 3310.808594 0.000000 0.853902 0.000000 -0.520433 0.460142 0.460142 0.460142
73.063751 0.000000 3306.555664 0.000000 0.989760 0.000000 -0.142741 0.442315 0.442315 0.442315
82.283546 0.000000 3277.226562 0.000000 0.726849 0.000000 -0.686797 0.426486 0.426486 0.426486
86.937180 0.000000 3290.520996 0.000000 0.840659 0.000000 -0.541565 0.547216 0.547216 0.547216
70.424667 0.000000 3296.453857 0.000000 0.999770 0.000000 -0.021445 0.469045 0.469045 0.469045
111.663208 0.000000 3286.105713 0.000000 0.776228 0.000000 -0.630452 0.440491 0.440491 0.440491
70.724258 0.000000 3309.601318 0.000000 0.751723 0.000000 -0.659479 0.550971 0.550971 0.550971
67.510956 0.000000 3323.021729 0.000000 0.932952 0.000000 -0.360002 0.493345 0.493345 0.493345
88.535683 0.000000 3292.448730 0.000000 0.997664 0.000000 -0.068311 0.498892 0.498892 0.498892
107.095459 0.000000 3290.412354 0.000000 0.773141 0.000000 -0.634235 0.543155 0.543155 0.543155
12.978472 0.000000 3333.314209 0.000000 0.932419 0.000000 -0.361380 0.417938 0.417938 0.417938
56.065750 0.000000 3357.940674 0.000000 0.959633 0.000000 -0.281256 0.403673 0.403673 0.403673
49.272938 0.000000 3366.203125 0.000000 0.905001 0.000000 -0.425410 0.424382 0.424382 0.424382
11.959483 0.000000 3381.069092 0.000000 0.722863 0.000000 -0.690992 0.410284 0.410284 0.410284
54.816753 0.000000 3333.828857 0.000000 0.922904 0.000000 -0.385030 0.534573 0.534573 0.534573
6.215335 0.000000 3381.515869 0.000000 0.854658 0.000000 -0.519191 0.442369 0.442369 0.442369
35.764935 0.000000 3358.425293 0.000000 0.773564 0.000000 -0.633718 0.519464 0.519464 0.519464
9.640952 0.000000 3385.765869 0.000000 0.949990 0.000000 -0.312279 0.418498 0.418498 0.418498
58.511623 0.000000 3353.088135 0.000000 0.995278 0.000000 -0.097067 0.452070 0.452070 0.452070
36.276176 0.000000 3365.824951 0.000000 0.792807 0.000000 -0.609473 0.570225 0.570225 0.570225
40.763306 0.000000 3347.700195 0.000000 0.999826 0.000000 -0.018641 0.513510 0.513510 0.513510
3.505235 0.000000 3376.004395 0.000000 0.999705 0.000000 -0.024288 0.414091 0.414091 0.414091
53.993916 0.000000 3353.864258 0.000000 0.951660 0.000000 -0.307153 0.481422 0.481422 0.481422
31.334412 0.000000 3373.563477 0.000000 0.998463 0.000000 -0.055416 0.469707 0.469707 0.469707
38.889183 0.000000 3356.017822 0.000000 0.785930 0.000000 -0.618316 0.512078 0.512078 0.512078
6.424666 0.000000 3352.938232 0.000000 0.873227 0.000000 -0.487314 0.441759 0.441759 0.441759
58.385124 0.000000 3335.170166 0.000000 0.994900 0.000000 -0.100867 0.535246 0.535246 0.535246
4.957437 0.000000 3372.425293 0.000000 0.840256 0.000000 -0.542190 0.453759 0.453759 0.453759
41.204685 0.000000 3369.139404 0.000000 0.966760 0.000000 -0.255685 0.492381 0.492381 0.492381
14.604953 0.000000 3380.155029 0.000000 0.719084 0.000000 -0.694924 0.517119 0.517119 0.517119
44.352146 0.000000 3349.839111 0.000000 0.999380 0.000000 -0.035197 0.507342 0.507342 0.507342
20.832733 0.000000 3345.157715 0.000000 0.998933 0.000000 -0.046181 0.507593 0.507593 0.507593
20.984850 0.000000 3369.776123 0.000000 0.773019 0.000000 -0.634382 0.523657 0.523657 0.523657
7.408907 0.000000 3350.415527 0.000000 0.873808 0.000000 -0.486271 0.514052 0.514052 0.514052
63.814640 0.000000 3351.022705 0.000000 0.964831 0.000000 -0.262872 0.554198 0.554198 0.554198
73.400871 0.000000 3348.697266 0.000000 0.986343 0.000000 -0.164702 0.402288 0.402288 0.402288
84.569412 0.000000 3337.964600 0.000000 0.772644 0.000000 -0.634840 0.409547 0.409547 0.409547
89.237595 0.000000 3338.737061 0.000000 0.982560 0.000000 -0.185945 0.421840 0.421840 0.421840
68.048035 0.000000 3340.928223 0.000000 0.995819 0.000000 -0.091349 0.413784 0.413784 0.413784
69.119217 0.000000 3349.012451 0.000000 0.753409 0.000000 -0.657552 0.550906 0.550906 0.550906
64.513977 0.000000 3348.658936 0.000000 0.736189 0.000000 -0.676776 0.470598 0.470598 0.470598
69.464828 0.000000 3337.360107 0.000000 0.836341 0.000000 -0.548209 0.600068 0.600068 0.600068
76.112297 0.000000 3347.484863 0.000000 0.721424 0.000000 -0.692494 0.552110 0.552110 0.552110
140.978470 0.000000 3276.829834 0.000000 0.722000 0.000000 -0.691894 0.422444 0.422444 0.422444
130.500519 0.000000 3295.837891 0.000000 0.829970 0.000000 -0.557809 0.408214 0.408214 0.408214
159.825958 0.000000 3284.216064 0.000000 0.857808 0.000000 -0.513970 0.420477 0.420477 0.420477
149.208267 0.000000 3315.972900 0.000000 0.788203 0.000000 -0.615416 0.481541 0.481541 0.481541
155.131516 0.000000 3292.214844 0.000000 0.757534 0.000000 -0.652795 0.467235 0.467235 0.467235
164.029358 0.000000 3294.646484 0.000000 0.934203 0.000000 -0.356741 0.506777 0.506777 0.506777
128.090134 0.000000 3279.389404 0.000000 0.839216 0.000000 -0.543798 0.590193 0.590193 0.590193
144.716858 0.000000 3308.191650 0.000000 0.954206 0.000000 -0.299150 0.524248 0.524248 0.524248
15.130927 0.000000 3484.918701 0.000000 0.716776 0.000000 -0.697304 0.441944 0.441944 0.441944
9.640952 0.000000 3498.734619 0.000000 0.997168 0.000000 -0.075201 0.403026 0.403026 0.403026
0.156715 0.000000 3500.447021 0.000000 0.765063 0.000000 -0.643956 0.526730 0.526730 0.526730
2.396606 0.000000 3503.893311 0.000000 0.758676 0.000000 -0.651468 0.496333 0.496333 0.496333
7.914793 0.000000 3503.868164 0.000000 0.959619 0.000000 -0.281303 0.589712 0.589712 0.589712
11.786283 0.000000 3507.084229 0.000000 0.986873 0.000000 -0.161498 0.428075 0.428075 0.428075
15.831329 0.000000 3506.203125 0.000000 0.883323 0.000000 -0.468765 0.433264 0.433264 0.433264
4.948599 0.000000 3502.146240 0.000000 0.720287 0.000000 -0.693676 0.625377 0.625377 0.625377
5247.958008 0.000000 642.227112 0.000000 0.975976 0.000000 -0.217877 0.432979 0.432979 0.432979
5235.456055 0.000000 671.616394 0.000000 0.949284 0.000000 -0.314420 0.480232 0.480232 0.480232
5245.512207 0.000000 621.354309 0.000000 0.822519 0.000000 -0.568737 0.443347 0.443347 0.443347
5236.365234 0.000000 660.594360 0.000000 0.806374 0.000000 -0.591406 0.420496 0.420496 0.420496
5246.270020 0.000000 625.759521 0.000000 0.712343 0.000000 -0.701831 0.465669 0.465669 0.465669
5229.311035 0.000000 655.678040 0.000000 0.915542 0.000000 -0.402222 0.544555 0.544555 0.544555
5231.868652 0.000000 669.739075 0.000000 0.904474 0.000000 -0.426529 0.526153 0.526153 0.526153
5242.385254 0.000000 623.920166 0.000000 0.966259 0.000000 -0.257572 0.471029 0.471029 0.471029
5214.953613 0.000000 677.580627 0.000000 0.992098 0.000000 -0.125462 0.460508 0.460508 0.460508
5235.863281 0.000000 645.700867 0.000000 0.828166 0.000000 -0.560482 0.477469 0.477469 0.477469
5237.860840 0.000000 669.394592 0.000000 0.792277 0.000000 -0.610162 0.550741 0.550741 0.550741
5273.621582 0.000000 612.718628 0.000000 0.998671 0.000000 -0.051545 0.502463 0.502463 0.502463
5262.953125 0.000000 618.815430 0.000000 0.998684 0.000000 -0.051296 0.400717 0.400717 0.400717
5305.910645 0.000000 612.794800 0.000000 0.950258 0.000000 -0.311464 0.469426 0.469426 0.469426
5266.579102 0.000000 620.032654 0.000000 0.749759 0.000000 -0.661711 0.498004 0.498004 0.498004
5299.402344 0.000000 618.810974 0.000000 0.845175 0.000000 -0.534490 0.511190 0.511190 0.511190
5266.230469 0.000000 602.879272 0.000000 0.742721 0.000000 -0.669601 0.446861 0.446861 0.446861
5260.457520 0.000000 616.619690 0.000000 0.990250 0.000000 -0.139302 0.458123 0.458123 0.458123
5265.722656 0.000000 617.021057 0.000000 0.995602 0.000000 -0.093687 0.450692 0.450692 0.450692
5265.360840 0.000000 611.004089 0.000000 0.770309 0.000000 -0.637671 0.471023 0.471023 0.471023
5369.384766 0.000000 621.095520 0.000000 0.861275 0.000000 -0.508139 0.481746 0.481746 0.481746
5249.318848 0.000000 660.216553 0.000000 0.739895 0.000000 -0.672723 0.448315 0.448315 0.448315
5296.205566 0.000000 677.786865 0.000000 0.929460 0.000000 -0.368923 0.422094 0.422094 0.422094
5260.978516 0.000000 622.064087 0.000000 0.946451 0.000000 -0.322847 0.404333 0.404333 0.404333
5274.979980 0.000000 663.160950 0.000000 0.796327 0.000000 -0.604866 0.486805 0.486805 0.486805
5288.832520 0.000000 624.829285 0.000000 0.971065 0.000000 -0.238816 0.412026 0.412026 0.412026
5274.122559 0.000000 632.136536 0.000000 0.993083 0.000000 -0.117418 0.493374 0.493374 0.493374
5286.893555 0.000000 640.775452 0.000000 0.999703 0.000000 -0.024384 0.404925 0.404925 0.404925
5266.283691 0.000000 622.460815 0.000000 0.905378 0.000000 -0.424607 0.456836 0.456836 0.456836
5282.015137 0.000000 641.823669 0.000000 0.805962 0.000000 -0.591968 0.507200 0.507200 0.507200
5286.535645 0.000000 650.836243 0.000000 0.915809 0.000000 -0.401615 0.436124 0.436124 0.436124
5271.371094 0.000000 664.342041 0.000000 0.987198 0.000000 -0.159502 0.471748 0.471748 0.471748
5290.288574 0.000000 644.475952 0.000000 0.924679 0.000000 -0.380747 0.447888 0.447888 0.447888
5271.836426 0.000000 671.940979 0.000000 0.736829 0.000000 -0.676079 0.456705 0.456705 0.456705
5296.746582 0.000000 624.565796 0.000000 0.796603 0.000000 -0.604503 0.474373 0.474373 0.474373
5268.994629 0.000000 623.880798 0.000000 0.955247 0.000000 -0.295809 0.532234 0.532234 0.532234
5361.519043 0.000000 627.657776 0.000000 0.956465 0.000000 -0.291849 0.503913 0.503913 0.503913
5321.400879 0.000000 637.447266 0.000000 0.879140 0.000000 -0.476564 0.520642 0.520642 0.520642
5366.816895 0.000000 622.578918 0.000000 0.916020 0.000000 -0.401133 0.448268 0.448268 0.448268
5312.098633 0.000000 628.277100 0.000000 0.824009 0.000000 -0.566576 0.446044 0.446044 0.446044
5322.351562 0.000000 642.207092 0.000000 0.982354 0.000000 -0.187030 0.432467 0.432467 0.432467
5350.535645 0.000000 650.836243 0.000000 0.971418 0.000000 -0.237377 0.475965 0.475965 0.475965
5366.381836 0.000000 650.655762 0.000000 0.750558 0.000000 -0.660805 0.434231 0.434231 0.434231
5357.375000 0.000000 646.249817 0.000000 0.941306 0.000000 -0.337554 0.541426 0.541426 0.541426
5318.424805 0.000000 641.688293 0.000000 0.999999 0.000000 -0.001664 0.454279 0.454279 0.454279
5358.042969 0.000000 627.182800 0.000000 0.954548 0.000000 -0.298058 0.485257 0.485257 0.485257
5359.537109 0.000000 648.456604 0.000000 0.710907 0.000000 -0.703286 0.493594 0.493594 0.493594
5314.356934 0.000000 626.226318 0.000000 0.916327 0.000000 -0.400431 0.548586 0.548586 0.548586
5312.042480 0.000000 621.335449 0.000000 0.794113 0.000000 -0.607770 0.500706 0.500706 0.500706
5182.624512 0.000000 686.632629 0.000000 0.870733 0.000000 -0.491757 0.504611 0.504611 0.504611
5172.014648 0.000000 686.655823 0.000000 0.999998 0.000000 -0.001932 0.600067 0.600067 0.600067
5215.453613 0.000000 694.542603 0.000000 0.911817 0.000000 -0.410597 0.405704 0.405704 0.405704
5247.958008 0.000000 698.711487 0.000000 0.999726 0.000000 -0.023390 0.420625 0.420625 0.420625
5247.487305 0.000000 708.040222 0.000000 0.914810 0.000000 -0.403884 0.440215 0.440215 0.440215
5222.893555 0.000000 697.259827 0.000000 0.999888 0.000000 -0.014933 0.400201 0.400201 0.400201
5217.210449 0.000000 722.685852 0.000000 0.760519 0.000000 -0.649316 0.409598 0.409598 0.409598
5245.292480 0.000000 690.371460 0.000000 0.942321 0.000000 -0.334710 0.440325 0.440325 0.440325
5203.771973 0.000000 700.437927 0.000000 0.884122 0.000000 -0.467256 0.463125 0.463125 0.463125
5189.464844 0.000000 682.594421 0.000000 0.841411 0.000000 -0.540396 0.445517 0.445517 0.445517
5185.451660 0.000000 687.204956 0.000000 0.999900 0.000000 -0.014122 0.593258 0.593258 0.593258
5228.051758 0.000000 709.906799 0.000000 0.762061 0.000000 -0.647505 0.625478 0.625478 0.625478
5203.640625 0.000000 703.124268 0.000000 0.905469 0.000000 -0.424412 0.616742 0.616742 0.616742
5236.003906 0.000000 737.624451 0.000000 0.983873 0.000000 -0.178869 0.466821 0.466821 0.466821
5249.451172 0.000000 689.988159 0.000000 0.946329 0.000000 -0.323206 0.404404 0.404404 0.404404
5282.900879 0.000000 677.877197 0.000000 0.860201 0.000000 -0.509955 0.407268 0.407268 0.407268
5259.406250 0.000000 710.883301 0.000000 0.817376 0.000000 -0.576105 0.448981 0.448981 0.448981
"}
object={
	name="pine_dense_generator_1_4"
	clamp_to_water_level=no
	render_under_water=no
	generated_content=yes
	layer="semidynamic"
	pdxmesh="tree_fir_005_mesh"
	count=184
	transform="127.586395 0.000000 3273.043945 0.000000 0.008229 0.000000 -0.999966 0.470971 0.470971 0.470971
93.392128 0.000000 3264.282715 0.000000 0.577265 0.000000 -0.816557 0.453369 0.453369 0.453369
150.477798 0.000000 3254.502686 0.000000 0.207065 0.000000 -0.978327 0.483490 0.483490 0.483490
135.979950 0.000000 3261.744629 0.000000 0.113870 0.000000 -0.993496 0.569680 0.569680 0.569680
142.953262 0.000000 3273.581055 0.000000 0.497954 0.000000 -0.867203 0.494778 0.494778 0.494778
140.552628 0.000000 3245.803467 0.000000 0.590557 0.000000 -0.806996 0.505317 0.505317 0.505317
142.875732 0.000000 3264.371338 0.000000 0.248613 0.000000 -0.968603 0.592856 0.592856 0.592856
129.884613 0.000000 3270.661865 0.000000 0.183143 0.000000 -0.983086 0.441793 0.441793 0.441793
132.957443 0.000000 3259.456543 0.000000 0.052481 0.000000 -0.998622 0.489341 0.489341 0.489341
137.604477 0.000000 3247.063721 0.000000 0.176512 0.000000 -0.984298 0.636940 0.636940 0.636940
156.380157 0.000000 3274.459717 0.000000 0.094474 0.000000 -0.995527 0.498857 0.498857 0.498857
142.979874 0.000000 3244.449463 0.000000 0.178934 0.000000 -0.983861 0.532467 0.532467 0.532467
148.984848 0.000000 3256.807373 0.000000 0.100295 0.000000 -0.994958 0.562550 0.562550 0.562550
135.142914 0.000000 3246.993896 0.000000 0.675836 0.000000 -0.737052 0.621910 0.621910 0.621910
61.292694 0.000000 3288.652832 0.000000 0.297463 0.000000 -0.954733 0.534115 0.534115 0.534115
44.063145 0.000000 3285.082764 0.000000 0.307336 0.000000 -0.951601 0.564644 0.564644 0.564644
1.884608 0.000000 3327.146240 0.000000 0.415659 0.000000 -0.909521 0.449387 0.449387 0.449387
62.624443 0.000000 3284.913818 0.000000 0.507349 0.000000 -0.861741 0.550423 0.550423 0.550423
47.663208 0.000000 3286.105713 0.000000 0.097283 0.000000 -0.995257 0.454801 0.454801 0.454801
0.009782 0.000000 3318.286377 0.000000 0.120858 0.000000 -0.992670 0.492456 0.492456 0.492456
58.028484 0.000000 3289.192383 0.000000 0.251080 0.000000 -0.967966 0.554331 0.554331 0.554331
27.595112 0.000000 3326.617432 0.000000 0.319078 0.000000 -0.947728 0.466906 0.466906 0.466906
24.572311 0.000000 3315.558105 0.000000 0.656185 0.000000 -0.754600 0.475465 0.475465 0.475465
41.967705 0.000000 3305.911621 0.000000 0.240875 0.000000 -0.970556 0.536922 0.536922 0.536922
44.194828 0.000000 3288.171143 0.000000 0.329820 0.000000 -0.944044 0.534797 0.534797 0.534797
38.469555 0.000000 3302.687744 0.000000 0.678856 0.000000 -0.734272 0.529636 0.529636 0.529636
44.352146 0.000000 3293.354736 0.000000 0.092478 0.000000 -0.995715 0.562744 0.562744 0.562744
44.128105 0.000000 3303.535156 0.000000 0.500608 0.000000 -0.865674 0.497571 0.497571 0.497571
43.601616 0.000000 3328.993896 0.000000 0.346070 0.000000 -0.938209 0.544604 0.544604 0.544604
43.095455 0.000000 3290.412354 0.000000 0.260939 0.000000 -0.965355 0.592502 0.592502 0.592502
65.451385 0.000000 3288.269287 0.000000 0.045060 0.000000 -0.998984 0.438113 0.438113 0.438113
102.231171 0.000000 3314.622803 0.000000 0.029430 0.000000 -0.999567 0.435430 0.435430 0.435430
73.400871 0.000000 3292.212891 0.000000 0.334279 0.000000 -0.942474 0.416581 0.416581 0.416581
87.890739 0.000000 3295.151367 0.000000 0.284160 0.000000 -0.958777 0.424404 0.424404 0.424404
78.953270 0.000000 3330.065430 0.000000 0.230543 0.000000 -0.973062 0.620217 0.620217 0.620217
100.276176 0.000000 3309.340576 0.000000 0.573214 0.000000 -0.819405 0.415550 0.415550 0.415550
104.763306 0.000000 3291.215820 0.000000 0.240967 0.000000 -0.970533 0.566397 0.566397 0.566397
96.426636 0.000000 3288.531494 0.000000 0.596195 0.000000 -0.802840 0.506586 0.506586 0.506586
68.048035 0.000000 3284.443848 0.000000 0.589499 0.000000 -0.807769 0.506762 0.506762 0.506762
77.506981 0.000000 3311.908203 0.000000 0.187818 0.000000 -0.982204 0.466374 0.466374 0.466374
122.385124 0.000000 3278.685791 0.000000 0.609370 0.000000 -0.792886 0.462527 0.462527 0.462527
96.618027 0.000000 3279.459473 0.000000 0.627966 0.000000 -0.778241 0.438303 0.438303 0.438303
116.003998 0.000000 3279.421387 0.000000 0.301710 0.000000 -0.953400 0.576567 0.576567 0.576567
82.230423 0.000000 3314.129395 0.000000 0.601869 0.000000 -0.798595 0.630481 0.630481 0.630481
79.197052 0.000000 3287.726562 0.000000 0.642219 0.000000 -0.766521 0.535017 0.535017 0.535017
89.917198 0.000000 3320.859863 0.000000 0.578384 0.000000 -0.815765 0.471668 0.471668 0.471668
76.083702 0.000000 3321.607666 0.000000 0.280347 0.000000 -0.959899 0.487885 0.487885 0.487885
76.375214 0.000000 3330.761475 0.000000 0.590612 0.000000 -0.806956 0.635796 0.635796 0.635796
97.910469 0.000000 3318.416504 0.000000 0.173410 0.000000 -0.984850 0.542937 0.542937 0.542937
97.411980 0.000000 3291.050781 0.000000 0.683981 0.000000 -0.729500 0.627372 0.627372 0.627372
72.173828 0.000000 3298.360107 0.000000 0.314202 0.000000 -0.949356 0.535174 0.535174 0.535174
92.928299 0.000000 3293.973877 0.000000 0.000212 0.000000 -1.000000 0.526024 0.526024 0.526024
91.678017 0.000000 3281.107910 0.000000 0.446118 0.000000 -0.894974 0.533349 0.533349 0.533349
127.814636 0.000000 3294.538330 0.000000 0.635693 0.000000 -0.771942 0.525307 0.525307 0.525307
78.401901 0.000000 3317.789551 0.000000 0.040922 0.000000 -0.999162 0.610819 0.610819 0.610819
1.319075 0.000000 3371.466553 0.000000 0.554440 0.000000 -0.832223 0.412714 0.412714 0.412714
26.979828 0.000000 3374.410889 0.000000 0.396490 0.000000 -0.918039 0.502804 0.502804 0.502804
63.487244 0.000000 3362.805908 0.000000 0.072837 0.000000 -0.997344 0.420717 0.420717 0.420717
30.530104 0.000000 3356.038086 0.000000 0.488507 0.000000 -0.872560 0.426838 0.426838 0.426838
61.292694 0.000000 3345.137207 0.000000 0.163437 0.000000 -0.986554 0.488704 0.488704 0.488704
31.825958 0.000000 3340.700439 0.000000 0.138756 0.000000 -0.990327 0.492110 0.492110 0.492110
44.063145 0.000000 3341.567139 0.000000 0.540009 0.000000 -0.841659 0.475347 0.475347 0.475347
26.074072 0.000000 3363.094482 0.000000 0.134766 0.000000 -0.990877 0.422274 0.422274 0.422274
50.842564 0.000000 3350.447998 0.000000 0.161379 0.000000 -0.986893 0.529912 0.529912 0.529912
11.786283 0.000000 3337.631104 0.000000 0.256361 0.000000 -0.966581 0.536556 0.536556 0.536556
11.941936 0.000000 3374.382080 0.000000 0.084360 0.000000 -0.996435 0.468180 0.468180 0.468180
13.506982 0.000000 3368.392578 0.000000 0.326900 0.000000 -0.945059 0.456694 0.456694 0.456694
51.863510 0.000000 3356.950928 0.000000 0.007593 0.000000 -0.999971 0.453333 0.453333 0.453333
46.043034 0.000000 3338.432861 0.000000 0.425334 0.000000 -0.905036 0.570144 0.570144 0.570144
59.100796 0.000000 3342.670898 0.000000 0.374277 0.000000 -0.927317 0.565756 0.565756 0.565756
55.819290 0.000000 3351.408936 0.000000 0.192304 0.000000 -0.981335 0.511572 0.511572 0.511572
51.016064 0.000000 3353.429199 0.000000 0.626755 0.000000 -0.779216 0.466348 0.466348 0.466348
48.746593 0.000000 3335.815674 0.000000 0.271120 0.000000 -0.962546 0.485165 0.485165 0.485165
3.820880 0.000000 3346.383545 0.000000 0.487067 0.000000 -0.873364 0.613322 0.613322 0.613322
17.360935 0.000000 3378.738525 0.000000 0.374448 0.000000 -0.927248 0.504736 0.504736 0.504736
38.337952 0.000000 3346.314209 0.000000 0.249915 0.000000 -0.968268 0.535240 0.535240 0.535240
23.408079 0.000000 3344.416260 0.000000 0.367993 0.000000 -0.929828 0.565929 0.565929 0.565929
14.650765 0.000000 3382.918945 0.000000 0.044006 0.000000 -0.999031 0.535511 0.535511 0.535511
38.646328 0.000000 3364.735352 0.000000 0.323861 0.000000 -0.946105 0.578892 0.578892 0.578892
34.111412 0.000000 3364.193359 0.000000 0.263506 0.000000 -0.964658 0.552546 0.552546 0.552546
11.442867 0.000000 3350.386719 0.000000 0.699006 0.000000 -0.715116 0.510740 0.510740 0.510740
15.869938 0.000000 3369.400879 0.000000 0.073632 0.000000 -0.997285 0.548261 0.548261 0.548261
71.914795 0.000000 3334.415039 0.000000 0.382726 0.000000 -0.923862 0.578674 0.578674 0.578674
75.786285 0.000000 3337.631104 0.000000 0.614308 0.000000 -0.789066 0.444180 0.444180 0.444180
66.356850 0.000000 3337.476318 0.000000 0.652950 0.000000 -0.757401 0.471339 0.471339 0.471339
129.451385 0.000000 3288.269287 0.000000 0.095100 0.000000 -0.995468 0.466530 0.466530 0.466530
148.569412 0.000000 3281.480225 0.000000 0.451461 0.000000 -0.892291 0.450159 0.450159 0.450159
137.203842 0.000000 3311.794434 0.000000 0.431032 0.000000 -0.902337 0.471932 0.471932 0.471932
135.914795 0.000000 3277.930664 0.000000 0.187213 0.000000 -0.982319 0.444623 0.444623 0.444623
139.929565 0.000000 3288.099609 0.000000 0.553292 0.000000 -0.832987 0.414489 0.414489 0.414489
146.190613 0.000000 3285.615967 0.000000 0.648253 0.000000 -0.761425 0.461646 0.461646 0.461646
137.084747 0.000000 3286.911621 0.000000 0.677772 0.000000 -0.735272 0.472126 0.472126 0.472126
150.782501 0.000000 3283.397217 0.000000 0.636338 0.000000 -0.771411 0.497052 0.497052 0.497052
26.979828 0.000000 3487.379639 0.000000 0.165824 0.000000 -0.986155 0.622215 0.622215 0.622215
11.941936 0.000000 3487.350830 0.000000 0.228889 0.000000 -0.973453 0.646864 0.646864 0.646864
7.437282 0.000000 3500.590576 0.000000 0.509802 0.000000 -0.860292 0.637627 0.637627 0.637627
12.978472 0.000000 3502.767334 0.000000 0.059091 0.000000 -0.998253 0.452501 0.452501 0.452501
23.491865 0.000000 3502.662842 0.000000 0.701069 0.000000 -0.713093 0.427043 0.427043 0.427043
18.283546 0.000000 3503.164062 0.000000 0.031285 0.000000 -0.999511 0.442705 0.442705 0.442705
5243.981445 0.000000 620.062988 0.000000 0.320995 0.000000 -0.947081 0.479849 0.479849 0.479849
5242.807129 0.000000 627.982666 0.000000 0.300973 0.000000 -0.953633 0.416739 0.416739 0.416739
5214.236816 0.000000 673.858032 0.000000 0.506884 0.000000 -0.862014 0.444876 0.444876 0.444876
5216.032227 0.000000 658.265991 0.000000 0.174083 0.000000 -0.984731 0.506082 0.506082 0.506082
5245.292480 0.000000 633.887085 0.000000 0.591110 0.000000 -0.806591 0.436234 0.436234 0.436234
5239.107910 0.000000 666.529419 0.000000 0.117663 0.000000 -0.993054 0.569583 0.569583 0.569583
5242.511719 0.000000 641.838135 0.000000 0.672890 0.000000 -0.739742 0.413743 0.413743 0.413743
5246.624512 0.000000 630.148254 0.000000 0.384222 0.000000 -0.923241 0.467121 0.467121 0.467121
5232.647949 0.000000 661.803894 0.000000 0.121921 0.000000 -0.992540 0.626580 0.626580 0.626580
5228.376953 0.000000 667.595825 0.000000 0.570579 0.000000 -0.821243 0.588720 0.588720 0.588720
5299.456055 0.000000 615.132019 0.000000 0.033151 0.000000 -0.999450 0.489705 0.489705 0.489705
5303.107910 0.000000 610.045044 0.000000 0.647219 0.000000 -0.762304 0.460269 0.460269 0.460269
5254.215332 0.000000 613.781372 0.000000 0.003810 0.000000 -0.999993 0.421908 0.421908 0.421908
5273.505859 0.000000 618.615479 0.000000 0.148610 0.000000 -0.988896 0.475820 0.475820 0.475820
5302.864258 0.000000 619.842407 0.000000 0.274445 0.000000 -0.961603 0.464834 0.464834 0.464834
5299.213867 0.000000 611.100952 0.000000 0.246891 0.000000 -0.969043 0.482730 0.482730 0.482730
5256.908691 0.000000 610.743774 0.000000 0.205200 0.000000 -0.978720 0.444334 0.444334 0.444334
5309.507812 0.000000 614.620544 0.000000 0.330436 0.000000 -0.943829 0.515860 0.515860 0.515860
5269.502930 0.000000 613.162964 0.000000 0.624114 0.000000 -0.781334 0.500195 0.500195 0.500195
5265.939453 0.000000 606.639343 0.000000 0.456219 0.000000 -0.889867 0.501457 0.501457 0.501457
5303.062500 0.000000 615.861206 0.000000 0.017463 0.000000 -0.999848 0.470811 0.470811 0.470811
5273.916992 0.000000 609.609924 0.000000 0.101074 0.000000 -0.994879 0.497254 0.497254 0.497254
5360.205566 0.000000 621.302490 0.000000 0.068180 0.000000 -0.997673 0.508246 0.508246 0.508246
5312.156738 0.000000 619.743958 0.000000 0.492455 0.000000 -0.870338 0.494904 0.494904 0.494904
5293.516602 0.000000 636.061401 0.000000 0.086730 0.000000 -0.996232 0.419709 0.419709 0.419709
5249.451172 0.000000 633.503784 0.000000 0.228905 0.000000 -0.973449 0.418464 0.418464 0.418464
5306.544434 0.000000 661.751221 0.000000 0.378239 0.000000 -0.925708 0.415593 0.415593 0.415593
5279.453613 0.000000 638.058228 0.000000 0.129227 0.000000 -0.991615 0.418638 0.418638 0.418638
5259.959473 0.000000 669.818970 0.000000 0.368789 0.000000 -0.929513 0.435934 0.435934 0.435934
5268.569336 0.000000 626.714600 0.000000 0.552214 0.000000 -0.833703 0.463763 0.463763 0.463763
5304.550781 0.000000 654.187317 0.000000 0.502832 0.000000 -0.864384 0.418140 0.418140 0.418140
5250.500488 0.000000 641.072205 0.000000 0.552328 0.000000 -0.833627 0.415907 0.415907 0.415907
5280.032227 0.000000 658.265991 0.000000 0.342366 0.000000 -0.939567 0.419243 0.419243 0.419243
5273.621582 0.000000 669.203003 0.000000 0.344810 0.000000 -0.938672 0.499597 0.499597 0.499597
5309.292480 0.000000 633.887085 0.000000 0.426829 0.000000 -0.904332 0.415626 0.415626 0.415626
5298.584961 0.000000 649.222351 0.000000 0.236248 0.000000 -0.971693 0.435187 0.435187 0.435187
5302.173828 0.000000 627.512390 0.000000 0.048365 0.000000 -0.998830 0.445363 0.445363 0.445363
5310.270020 0.000000 625.759521 0.000000 0.370654 0.000000 -0.928771 0.567317 0.567317 0.567317
5310.624512 0.000000 630.148254 0.000000 0.706414 0.000000 -0.707799 0.570986 0.570986 0.570986
5301.013672 0.000000 655.974487 0.000000 0.214655 0.000000 -0.976690 0.468803 0.468803 0.468803
5295.663086 0.000000 631.340027 0.000000 0.164084 0.000000 -0.986446 0.472621 0.472621 0.472621
5294.042969 0.000000 627.182800 0.000000 0.072122 0.000000 -0.997396 0.508166 0.508166 0.508166
5306.305176 0.000000 665.309570 0.000000 0.308355 0.000000 -0.951271 0.564617 0.564617 0.564617
5274.987305 0.000000 621.416931 0.000000 0.590412 0.000000 -0.807102 0.542270 0.542270 0.542270
5284.759766 0.000000 642.704346 0.000000 0.601002 0.000000 -0.799248 0.516378 0.516378 0.516378
5271.068359 0.000000 625.839294 0.000000 0.299253 0.000000 -0.954174 0.518018 0.518018 0.518018
5286.646484 0.000000 653.485352 0.000000 0.570229 0.000000 -0.821486 0.524328 0.524328 0.524328
5311.509766 0.000000 658.546631 0.000000 0.279781 0.000000 -0.960064 0.537464 0.537464 0.537464
5352.832520 0.000000 624.829285 0.000000 0.042457 0.000000 -0.999098 0.452770 0.452770 0.452770
5343.758301 0.000000 651.487732 0.000000 0.582510 0.000000 -0.812824 0.464525 0.464525 0.464525
5314.500488 0.000000 641.072205 0.000000 0.054926 0.000000 -0.998490 0.527819 0.527819 0.527819
5362.584961 0.000000 649.222351 0.000000 0.565444 0.000000 -0.824787 0.426897 0.426897 0.426897
5362.842773 0.000000 639.198059 0.000000 0.626362 0.000000 -0.779533 0.446730 0.446730 0.446730
5373.212891 0.000000 646.719910 0.000000 0.429129 0.000000 -0.903243 0.457693 0.457693 0.457693
5366.173828 0.000000 627.512390 0.000000 0.191952 0.000000 -0.981404 0.504247 0.504247 0.504247
5365.994141 0.000000 642.614258 0.000000 0.491425 0.000000 -0.870920 0.455083 0.455083 0.455083
5316.047852 0.000000 629.678162 0.000000 0.592235 0.000000 -0.805766 0.471356 0.471356 0.471356
5317.119141 0.000000 637.762329 0.000000 0.006662 0.000000 -0.999978 0.441621 0.441621 0.441621
5312.514160 0.000000 637.408997 0.000000 0.574143 0.000000 -0.818755 0.446397 0.446397 0.446397
5316.755371 0.000000 649.200806 0.000000 0.483344 0.000000 -0.875431 0.510851 0.510851 0.510851
5317.464844 0.000000 626.110046 0.000000 0.539391 0.000000 -0.842055 0.530880 0.530880 0.530880
5364.003906 0.000000 624.655701 0.000000 0.024833 0.000000 -0.999692 0.463329 0.463329 0.463329
5360.918945 0.000000 636.314270 0.000000 0.044284 0.000000 -0.999019 0.531031 0.531031 0.531031
5324.112305 0.000000 636.234863 0.000000 0.325529 0.000000 -0.945532 0.491320 0.491320 0.491320
5312.090332 0.000000 624.623718 0.000000 0.670649 0.000000 -0.741775 0.534126 0.534126 0.534126
5356.127930 0.000000 648.769409 0.000000 0.385081 0.000000 -0.922883 0.514612 0.514612 0.514612
5357.942871 0.000000 643.268982 0.000000 0.259946 0.000000 -0.965623 0.589564 0.589564 0.589564
5169.519043 0.000000 684.142151 0.000000 0.657236 0.000000 -0.753685 0.411679 0.411679 0.411679
5170.789551 0.000000 689.899780 0.000000 0.279527 0.000000 -0.960138 0.629112 0.629112 0.629112
5175.531250 0.000000 688.416199 0.000000 0.117030 0.000000 -0.993128 0.632784 0.632784 0.632784
5185.451172 0.000000 689.988159 0.000000 0.328889 0.000000 -0.944369 0.425152 0.425152 0.425152
5196.978516 0.000000 678.548462 0.000000 0.010111 0.000000 -0.999949 0.450358 0.450358 0.450358
5228.760254 0.000000 716.317627 0.000000 0.297219 0.000000 -0.954809 0.434230 0.434230 0.434230
5242.511719 0.000000 698.322510 0.000000 0.614512 0.000000 -0.788908 0.434377 0.434377 0.434377
5202.283691 0.000000 678.945190 0.000000 0.349143 0.000000 -0.937070 0.472099 0.472099 0.472099
5190.330566 0.000000 689.909302 0.000000 0.678907 0.000000 -0.734224 0.423340 0.423340 0.423340
5214.060547 0.000000 725.967407 0.000000 0.481905 0.000000 -0.876223 0.429775 0.429775 0.429775
5188.047852 0.000000 686.162537 0.000000 0.531960 0.000000 -0.846769 0.437352 0.437352 0.437352
5217.910645 0.000000 720.135376 0.000000 0.453548 0.000000 -0.891232 0.627651 0.627651 0.627651
5202.498535 0.000000 681.630493 0.000000 0.266835 0.000000 -0.963742 0.555405 0.555405 0.555405
5198.389160 0.000000 711.197205 0.000000 0.164688 0.000000 -0.986346 0.653575 0.653575 0.653575
5230.693848 0.000000 709.871155 0.000000 0.272135 0.000000 -0.962259 0.565578 0.565578 0.565578
5208.535645 0.000000 694.167542 0.000000 0.005859 0.000000 -0.999983 0.549855 0.549855 0.549855
5209.237793 0.000000 740.455750 0.000000 0.566826 0.000000 -0.823838 0.494573 0.494573 0.494573
5292.083496 0.000000 697.873474 0.000000 0.448167 0.000000 -0.893950 0.477300 0.477300 0.477300
"}
