object={
	name="rainforest_generator_2_0"
	clamp_to_water_level=no
	render_under_water=no
	generated_content=yes
	layer="semidynamic_medium"
	pdxmesh="tree_rainforest_001_mesh"
	count=107
	transform="5668.276367 0.000000 1049.965454 0.000000 0.243594 0.000000 0.969877 0.217572 0.217572 0.217572
5676.412598 0.000000 1058.992432 0.000000 0.408882 0.000000 0.912587 0.239003 0.239003 0.239003
5661.020508 0.000000 1029.549072 0.000000 0.287031 0.000000 0.957921 0.217498 0.217498 0.217498
5665.099609 0.000000 1050.668457 0.000000 0.022371 0.000000 0.999750 0.233754 0.233754 0.233754
5668.342285 0.000000 1072.387451 0.000000 0.447070 0.000000 0.894499 0.289402 0.289402 0.289402
5668.099609 0.000000 1055.036499 0.000000 0.558604 0.000000 0.829434 0.269026 0.269026 0.269026
5668.830078 0.000000 1051.646484 0.000000 0.229923 0.000000 0.973209 0.243972 0.243972 0.243972
5673.205566 0.000000 1073.175049 0.000000 0.350241 0.000000 0.936660 0.320361 0.320361 0.320361
5670.464355 0.000000 1059.612793 0.000000 0.106934 0.000000 0.994266 0.297320 0.297320 0.297320
5674.913086 0.000000 1070.718994 0.000000 0.505064 0.000000 0.863082 0.331626 0.331626 0.331626
5689.099121 0.000000 1063.720825 0.000000 0.226158 0.000000 0.974091 0.297428 0.297428 0.297428
5677.871094 0.000000 1066.602051 0.000000 0.420677 0.000000 0.907211 0.317710 0.317710 0.317710
5677.710938 0.000000 1067.917969 0.000000 0.389505 0.000000 0.921024 0.315241 0.315241 0.315241
5675.446289 0.000000 1058.330322 0.000000 0.575390 0.000000 0.817879 0.326836 0.326836 0.326836
5687.218262 0.000000 1068.855225 0.000000 0.035892 0.000000 0.999356 0.282743 0.282743 0.282743
5682.290039 0.000000 1070.484863 0.000000 0.171167 0.000000 0.985242 0.293141 0.293141 0.293141
5669.645508 0.000000 1052.498657 0.000000 0.037141 0.000000 0.999310 0.288198 0.288198 0.288198
5671.291504 0.000000 1055.724243 0.000000 0.316525 0.000000 0.948584 0.304604 0.304604 0.304604
5694.141113 0.000000 1063.587036 0.000000 0.176877 0.000000 0.984233 0.293584 0.293584 0.293584
5727.453613 0.000000 1033.448853 0.000000 0.415771 0.000000 0.909470 0.216314 0.216314 0.216314
5726.530273 0.000000 1040.178833 0.000000 0.440262 0.000000 0.897870 0.190536 0.190536 0.190536
5722.709961 0.000000 1053.758667 0.000000 0.192077 0.000000 0.981380 0.250304 0.250304 0.250304
5723.595215 0.000000 1067.242432 0.000000 0.328641 0.000000 0.944455 0.208872 0.208872 0.208872
5725.291016 0.000000 1059.061279 0.000000 0.070916 0.000000 0.997482 0.213076 0.213076 0.213076
5725.739258 0.000000 1038.181885 0.000000 0.447557 0.000000 0.894256 0.278202 0.278202 0.278202
5723.528320 0.000000 1051.257935 0.000000 0.448425 0.000000 0.893820 0.254738 0.254738 0.254738
5721.336426 0.000000 1054.717041 0.000000 0.092868 0.000000 0.995678 0.280703 0.280703 0.280703
5711.824707 0.000000 1040.165405 0.000000 0.008584 0.000000 0.999963 0.257406 0.257406 0.257406
5714.536621 0.000000 1070.188477 0.000000 0.215704 0.000000 0.976459 0.266555 0.266555 0.266555
5719.673828 0.000000 1022.674866 0.000000 0.215790 0.000000 0.976440 0.300311 0.300311 0.300311
5717.894043 0.000000 1069.992554 0.000000 0.379121 0.000000 0.925347 0.278412 0.278412 0.278412
5717.272461 0.000000 1025.088257 0.000000 0.234175 0.000000 0.972194 0.314048 0.314048 0.314048
5716.600586 0.000000 1027.740723 0.000000 0.342980 0.000000 0.939343 0.312840 0.312840 0.312840
5725.379395 0.000000 1028.194092 0.000000 0.513132 0.000000 0.858310 0.319020 0.319020 0.319020
5724.436523 0.000000 1033.321655 0.000000 0.380332 0.000000 0.924850 0.317971 0.317971 0.317971
5700.788086 0.000000 1039.219604 0.000000 0.175197 0.000000 0.984533 0.298676 0.298676 0.298676
5700.370605 0.000000 1043.308350 0.000000 0.498446 0.000000 0.866921 0.319863 0.319863 0.319863
5722.370605 0.000000 1039.308472 0.000000 0.117850 0.000000 0.993031 0.289024 0.289024 0.289024
5697.950684 0.000000 1056.693237 0.000000 0.389018 0.000000 0.921230 0.312279 0.312279 0.312279
5704.415527 0.000000 1043.791016 0.000000 0.410028 0.000000 0.912073 0.323169 0.323169 0.323169
5712.512207 0.000000 1052.464111 0.000000 0.222760 0.000000 0.974873 0.297162 0.297162 0.297162
5715.222656 0.000000 1058.551758 0.000000 0.238086 0.000000 0.971244 0.298365 0.298365 0.298365
5700.693359 0.000000 1049.359131 0.000000 0.111188 0.000000 0.993799 0.288512 0.288512 0.288512
5713.206543 0.000000 1054.050171 0.000000 0.002898 0.000000 0.999996 0.280221 0.280221 0.280221
5724.718750 0.000000 1027.219238 0.000000 0.223409 0.000000 0.974725 0.300907 0.300907 0.300907
5699.149902 0.000000 1062.512085 0.000000 0.515483 0.000000 0.856900 0.325741 0.325741 0.325741
5702.282227 0.000000 1062.773193 0.000000 0.514193 0.000000 0.857674 0.321258 0.321258 0.321258
5714.209473 0.000000 1027.622314 0.000000 0.232288 0.000000 0.972647 0.305583 0.305583 0.305583
5710.414551 0.000000 1065.996826 0.000000 0.088928 0.000000 0.996038 0.286803 0.286803 0.286803
5700.485840 0.000000 1064.069092 0.000000 0.488288 0.000000 0.872683 0.318971 0.318971 0.318971
5711.914062 0.000000 1056.842651 0.000000 0.172358 0.000000 0.985034 0.293233 0.293233 0.293233
5689.910645 0.000000 1121.154175 0.000000 0.104673 0.000000 0.994507 0.211248 0.211248 0.211248
5673.676758 0.000000 1091.270142 0.000000 0.437737 0.000000 0.899103 0.207881 0.207881 0.207881
5665.448730 0.000000 1096.499878 0.000000 0.313666 0.000000 0.949533 0.275798 0.275798 0.275798
5668.029297 0.000000 1091.755859 0.000000 0.076791 0.000000 0.997047 0.242862 0.242862 0.242862
5675.690430 0.000000 1076.767090 0.000000 0.049528 0.000000 0.998773 0.218120 0.218120 0.218120
5660.928223 0.000000 1091.083252 0.000000 0.425594 0.000000 0.904914 0.232737 0.232737 0.232737
5670.792969 0.000000 1076.015137 0.000000 0.009333 0.000000 0.999956 0.269533 0.269533 0.269533
5684.393066 0.000000 1095.596680 0.000000 0.364669 0.000000 0.931137 0.287794 0.287794 0.287794
5675.071777 0.000000 1083.781616 0.000000 0.123900 0.000000 0.992295 0.257311 0.257311 0.257311
5688.654297 0.000000 1090.416016 0.000000 0.098198 0.000000 0.995167 0.273751 0.273751 0.273751
5668.749023 0.000000 1082.572632 0.000000 0.076298 0.000000 0.997085 0.296901 0.296901 0.296901
5673.963379 0.000000 1080.732422 0.000000 0.002756 0.000000 0.999996 0.285192 0.285192 0.285192
5668.560547 0.000000 1087.258911 0.000000 0.234820 0.000000 0.972039 0.285919 0.285919 0.285919
5691.262207 0.000000 1095.339111 0.000000 0.161908 0.000000 0.986806 0.297923 0.297923 0.297923
5671.089844 0.000000 1088.516235 0.000000 0.428953 0.000000 0.903327 0.254953 0.254953 0.254953
5694.383301 0.000000 1094.369629 0.000000 0.024397 0.000000 0.999702 0.294921 0.294921 0.294921
5666.977539 0.000000 1087.702515 0.000000 0.375873 0.000000 0.926671 0.316421 0.316421 0.316421
5665.853027 0.000000 1084.967896 0.000000 0.162336 0.000000 0.986736 0.281404 0.281404 0.281404
5688.379395 0.000000 1087.583862 0.000000 0.310276 0.000000 0.950647 0.303066 0.303066 0.303066
5693.976074 0.000000 1113.888916 0.000000 0.441941 0.000000 0.897044 0.309809 0.309809 0.309809
5693.240234 0.000000 1087.234375 0.000000 0.170907 0.000000 0.985287 0.295560 0.295560 0.295560
5670.826172 0.000000 1079.939209 0.000000 0.440297 0.000000 0.897852 0.309024 0.309024 0.309024
5676.311035 0.000000 1086.792358 0.000000 0.455609 0.000000 0.890180 0.296391 0.296391 0.296391
5687.696777 0.000000 1082.489014 0.000000 0.538571 0.000000 0.842580 0.334456 0.334456 0.334456
5688.862793 0.000000 1107.326050 0.000000 0.435867 0.000000 0.900011 0.317585 0.317585 0.317585
5694.499512 0.000000 1102.591675 0.000000 0.327287 0.000000 0.944925 0.307179 0.307179 0.307179
5691.628418 0.000000 1116.878662 0.000000 0.120246 0.000000 0.992744 0.305501 0.305501 0.305501
5692.439453 0.000000 1122.256104 0.000000 0.543091 0.000000 0.839674 0.333066 0.333066 0.333066
5682.304199 0.000000 1099.590942 0.000000 0.424808 0.000000 0.905283 0.313518 0.313518 0.313518
5676.345703 0.000000 1083.919678 0.000000 0.516895 0.000000 0.856049 0.333218 0.333218 0.333218
5683.413574 0.000000 1092.753662 0.000000 0.585244 0.000000 0.810857 0.328232 0.328232 0.328232
5676.736816 0.000000 1076.025146 0.000000 0.378500 0.000000 0.925601 0.315950 0.315950 0.315950
5694.477051 0.000000 1098.609375 0.000000 0.101867 0.000000 0.994798 0.287796 0.287796 0.287796
5683.583984 0.000000 1077.779053 0.000000 0.553578 0.000000 0.832797 0.324817 0.324817 0.324817
5689.375000 0.000000 1076.460815 0.000000 0.134666 0.000000 0.990891 0.295696 0.295696 0.295696
5680.162598 0.000000 1087.066406 0.000000 0.586072 0.000000 0.810259 0.333734 0.333734 0.333734
5688.005371 0.000000 1079.310425 0.000000 0.102683 0.000000 0.994714 0.305560 0.305560 0.305560
5682.833984 0.000000 1081.783447 0.000000 0.479008 0.000000 0.877811 0.318161 0.318161 0.318161
5695.956055 0.000000 1100.121460 0.000000 0.264952 0.000000 0.964262 0.300485 0.300485 0.300485
5683.716797 0.000000 1075.455200 0.000000 0.215367 0.000000 0.976533 0.301314 0.301314 0.301314
5688.785645 0.000000 1101.727295 0.000000 0.442425 0.000000 0.896806 0.315012 0.315012 0.315012
5706.351562 0.000000 1094.082031 0.000000 0.120372 0.000000 0.992729 0.186583 0.186583 0.186583
5708.112305 0.000000 1088.109863 0.000000 0.088931 0.000000 0.996038 0.215722 0.215722 0.215722
5698.069824 0.000000 1098.024780 0.000000 0.276833 0.000000 0.960918 0.295597 0.295597 0.295597
5705.923828 0.000000 1090.797607 0.000000 0.222939 0.000000 0.974832 0.286647 0.286647 0.286647
5703.500488 0.000000 1092.499512 0.000000 0.414457 0.000000 0.910069 0.300683 0.300683 0.300683
5700.788086 0.000000 1095.703979 0.000000 0.023103 0.000000 0.999733 0.290363 0.290363 0.290363
5698.597656 0.000000 1086.668091 0.000000 0.454421 0.000000 0.890787 0.315357 0.315357 0.315357
5701.575684 0.000000 1094.551636 0.000000 0.303453 0.000000 0.952846 0.305818 0.305818 0.305818
5700.727051 0.000000 1080.453979 0.000000 0.040544 0.000000 0.999178 0.283098 0.283098 0.283098
5710.511719 0.000000 1083.837524 0.000000 0.428210 0.000000 0.903679 0.326199 0.326199 0.326199
5699.610840 0.000000 1075.184937 0.000000 0.039365 0.000000 0.999225 0.290655 0.290655 0.290655
5708.215332 0.000000 1084.059448 0.000000 0.227964 0.000000 0.973670 0.303930 0.303930 0.303930
5697.148926 0.000000 1097.352295 0.000000 0.502393 0.000000 0.864639 0.320211 0.320211 0.320211
5711.758301 0.000000 1081.888184 0.000000 0.422532 0.000000 0.906348 0.316442 0.316442 0.316442
5696.016602 0.000000 1096.356445 0.000000 0.013406 0.000000 0.999910 0.281024 0.281024 0.281024
"}
object={
	name="rainforest_generator_2_1"
	clamp_to_water_level=no
	render_under_water=no
	generated_content=yes
	layer="semidynamic_medium"
	pdxmesh="tree_rainforest_002_mesh"
	count=126
	transform="5669.982422 0.000000 1066.980591 0.000000 0.948437 0.000000 0.316967 0.296373 0.296373 0.296373
5661.237305 0.000000 1050.240967 0.000000 0.651707 0.000000 0.758471 0.192262 0.192262 0.192262
5668.620605 0.000000 1063.427246 0.000000 0.617400 0.000000 0.786650 0.202299 0.202299 0.202299
5665.412109 0.000000 1031.675903 0.000000 0.713191 0.000000 0.700969 0.227699 0.227699 0.227699
5670.962402 0.000000 1060.898682 0.000000 0.886202 0.000000 0.463299 0.313263 0.313263 0.313263
5670.819824 0.000000 1068.970459 0.000000 0.869135 0.000000 0.494574 0.302360 0.302360 0.302360
5666.559570 0.000000 1049.924194 0.000000 0.876966 0.000000 0.480553 0.365366 0.365366 0.365366
5661.938965 0.000000 1033.252197 0.000000 0.712043 0.000000 0.702135 0.331237 0.331237 0.331237
5674.601562 0.000000 1068.567383 0.000000 0.821195 0.000000 0.570648 0.358003 0.358003 0.358003
5666.937988 0.000000 1047.223755 0.000000 0.655219 0.000000 0.755439 0.339415 0.339415 0.339415
5660.436523 0.000000 1033.321655 0.000000 0.801354 0.000000 0.598190 0.338615 0.338615 0.338615
5661.510254 0.000000 1030.781738 0.000000 0.641598 0.000000 0.767041 0.342101 0.342101 0.342101
5671.743652 0.000000 1052.459106 0.000000 0.619405 0.000000 0.785072 0.340317 0.340317 0.340317
5672.703613 0.000000 1071.587280 0.000000 0.914970 0.000000 0.403522 0.361253 0.361253 0.361253
5681.121094 0.000000 1068.626831 0.000000 0.939771 0.000000 0.341806 0.373351 0.373351 0.373351
5679.887207 0.000000 1066.508423 0.000000 0.605592 0.000000 0.795775 0.329695 0.329695 0.329695
5688.311035 0.000000 1061.370850 0.000000 0.763421 0.000000 0.645901 0.347933 0.347933 0.347933
5694.572266 0.000000 1067.236572 0.000000 0.741815 0.000000 0.670604 0.343848 0.343848 0.343848
5663.121582 0.000000 1047.979004 0.000000 0.757633 0.000000 0.652680 0.349758 0.349758 0.349758
5671.071777 0.000000 1066.436890 0.000000 0.930525 0.000000 0.366229 0.374538 0.374538 0.374538
5674.127930 0.000000 1064.171997 0.000000 0.672404 0.000000 0.740184 0.339042 0.339042 0.339042
5680.327148 0.000000 1072.021851 0.000000 0.928505 0.000000 0.371319 0.370937 0.370937 0.370937
5684.413574 0.000000 1066.276733 0.000000 0.916681 0.000000 0.399620 0.368594 0.368594 0.368594
5727.758301 0.000000 1046.878418 0.000000 0.618947 0.000000 0.785433 0.207968 0.207968 0.207968
5728.032227 0.000000 1053.656616 0.000000 0.744363 0.000000 0.667775 0.193246 0.193246 0.193246
5727.826172 0.000000 1024.841187 0.000000 0.659848 0.000000 0.751399 0.209601 0.209601 0.209601
5725.392090 0.000000 1061.392212 0.000000 0.902923 0.000000 0.429802 0.223132 0.223132 0.223132
5725.422852 0.000000 1055.270630 0.000000 0.945685 0.000000 0.325084 0.243612 0.243612 0.243612
5726.952637 0.000000 1036.231079 0.000000 0.727868 0.000000 0.685717 0.244008 0.244008 0.244008
5721.283691 0.000000 1038.336548 0.000000 0.872056 0.000000 0.489407 0.275654 0.275654 0.275654
5726.816895 0.000000 1031.156494 0.000000 0.895487 0.000000 0.445088 0.233059 0.233059 0.233059
5724.838379 0.000000 1041.786133 0.000000 0.950490 0.000000 0.310754 0.232382 0.232382 0.232382
5696.144043 0.000000 1045.119019 0.000000 0.914279 0.000000 0.405086 0.266305 0.266305 0.266305
5720.422363 0.000000 1046.418945 0.000000 0.882147 0.000000 0.470974 0.285995 0.285995 0.285995
5725.938965 0.000000 1033.252197 0.000000 0.766922 0.000000 0.641740 0.346539 0.346539 0.346539
5721.909180 0.000000 1033.805054 0.000000 0.945346 0.000000 0.326068 0.362157 0.362157 0.362157
5718.696289 0.000000 1053.033447 0.000000 0.858030 0.000000 0.513600 0.357625 0.357625 0.357625
5718.889648 0.000000 1065.980713 0.000000 0.822315 0.000000 0.569032 0.320044 0.320044 0.320044
5696.421387 0.000000 1060.241943 0.000000 0.780141 0.000000 0.625603 0.356296 0.356296 0.356296
5716.708984 0.000000 1060.284180 0.000000 0.904298 0.000000 0.426901 0.368287 0.368287 0.368287
5708.904785 0.000000 1044.201172 0.000000 0.683515 0.000000 0.729937 0.339368 0.339368 0.339368
5710.943359 0.000000 1057.313354 0.000000 0.778350 0.000000 0.627830 0.348146 0.348146 0.348146
5701.044922 0.000000 1047.595459 0.000000 0.610497 0.000000 0.792019 0.330167 0.330167 0.330167
5713.052246 0.000000 1059.523315 0.000000 0.886376 0.000000 0.462965 0.363229 0.363229 0.363229
5697.354492 0.000000 1058.434814 0.000000 0.791174 0.000000 0.611591 0.356299 0.356299 0.356299
5704.396484 0.000000 1055.499390 0.000000 0.745343 0.000000 0.666681 0.344251 0.344251 0.344251
5697.519531 0.000000 1064.262573 0.000000 0.876783 0.000000 0.480886 0.361676 0.361676 0.361676
5699.798340 0.000000 1045.324829 0.000000 0.663999 0.000000 0.747733 0.340957 0.340957 0.340957
5714.234375 0.000000 1048.182007 0.000000 0.697251 0.000000 0.716827 0.342335 0.342335 0.342335
5699.040527 0.000000 1064.764282 0.000000 0.600328 0.000000 0.799754 0.337984 0.337984 0.337984
5722.768555 0.000000 1031.651123 0.000000 0.760761 0.000000 0.649032 0.352566 0.352566 0.352566
5706.277832 0.000000 1052.770386 0.000000 0.780790 0.000000 0.624793 0.348444 0.348444 0.348444
5708.104980 0.000000 1059.617432 0.000000 0.800377 0.000000 0.599497 0.350888 0.350888 0.350888
5699.692383 0.000000 1050.019775 0.000000 0.823011 0.000000 0.568025 0.353850 0.353850 0.353850
5716.037109 0.000000 1056.467407 0.000000 0.908615 0.000000 0.417635 0.367624 0.367624 0.367624
5702.709961 0.000000 1072.848633 0.000000 0.848875 0.000000 0.528594 0.358704 0.358704 0.358704
5705.561035 0.000000 1067.864258 0.000000 0.850107 0.000000 0.526611 0.357631 0.357631 0.357631
5709.689453 0.000000 1067.539917 0.000000 0.764555 0.000000 0.644559 0.346490 0.346490 0.346490
5655.890625 0.000000 1092.260864 0.000000 0.919589 0.000000 0.392881 0.196774 0.196774 0.196774
5666.900879 0.000000 1073.267822 0.000000 0.901828 0.000000 0.432095 0.201448 0.201448 0.201448
5664.618164 0.000000 1076.568726 0.000000 0.808386 0.000000 0.588653 0.212491 0.212491 0.212491
5674.835938 0.000000 1079.209351 0.000000 0.699307 0.000000 0.714822 0.258607 0.258607 0.258607
5690.631836 0.000000 1108.339600 0.000000 0.762263 0.000000 0.647267 0.295429 0.295429 0.295429
5670.469727 0.000000 1099.797119 0.000000 0.830004 0.000000 0.557757 0.281872 0.281872 0.281872
5693.738281 0.000000 1101.452271 0.000000 0.833055 0.000000 0.553190 0.318179 0.318179 0.318179
5693.638184 0.000000 1092.926392 0.000000 0.706567 0.000000 0.707646 0.307698 0.307698 0.307698
5691.305664 0.000000 1122.982178 0.000000 0.897077 0.000000 0.441873 0.292896 0.292896 0.292896
5690.561523 0.000000 1104.962402 0.000000 0.825626 0.000000 0.564218 0.323914 0.323914 0.323914
5672.647949 0.000000 1074.529785 0.000000 0.705905 0.000000 0.708307 0.289757 0.289757 0.289757
5692.034180 0.000000 1121.026367 0.000000 0.906839 0.000000 0.421477 0.312237 0.312237 0.312237
5657.598145 0.000000 1096.834717 0.000000 0.836143 0.000000 0.548512 0.290683 0.290683 0.290683
5667.217285 0.000000 1084.041626 0.000000 0.854077 0.000000 0.520146 0.284216 0.284216 0.284216
5689.007324 0.000000 1118.863647 0.000000 0.945220 0.000000 0.326433 0.266363 0.266363 0.266363
5692.454590 0.000000 1113.542236 0.000000 0.625129 0.000000 0.780521 0.321086 0.321086 0.321086
5682.516602 0.000000 1089.234619 0.000000 0.891262 0.000000 0.453489 0.338409 0.338409 0.338409
5671.104492 0.000000 1085.096680 0.000000 0.733504 0.000000 0.679685 0.334557 0.334557 0.334557
5692.771484 0.000000 1110.287231 0.000000 0.765744 0.000000 0.643146 0.337217 0.337217 0.337217
5673.262207 0.000000 1086.540771 0.000000 0.854017 0.000000 0.520244 0.298430 0.298430 0.298430
5662.652344 0.000000 1085.288452 0.000000 0.843964 0.000000 0.536400 0.325465 0.325465 0.325465
5663.632324 0.000000 1083.871948 0.000000 0.620930 0.000000 0.783866 0.258539 0.258539 0.258539
5692.312988 0.000000 1096.958008 0.000000 0.860561 0.000000 0.509348 0.326942 0.326942 0.326942
5668.990723 0.000000 1073.888672 0.000000 0.643337 0.000000 0.765583 0.299097 0.299097 0.299097
5689.001953 0.000000 1108.635132 0.000000 0.941868 0.000000 0.335984 0.371358 0.371358 0.371358
5695.210449 0.000000 1107.804932 0.000000 0.816686 0.000000 0.577083 0.326754 0.326754 0.326754
5684.080566 0.000000 1086.396606 0.000000 0.630116 0.000000 0.776501 0.325282 0.325282 0.325282
5672.469727 0.000000 1092.468384 0.000000 0.591238 0.000000 0.806497 0.284295 0.284295 0.284295
5695.025879 0.000000 1122.568237 0.000000 0.715047 0.000000 0.699077 0.332282 0.332282 0.332282
5689.993164 0.000000 1109.798950 0.000000 0.818685 0.000000 0.574243 0.355028 0.355028 0.355028
5675.175293 0.000000 1091.500610 0.000000 0.722717 0.000000 0.691144 0.321318 0.321318 0.321318
5684.241699 0.000000 1084.937866 0.000000 0.836176 0.000000 0.548461 0.362753 0.362753 0.362753
5679.286621 0.000000 1074.976562 0.000000 0.835922 0.000000 0.548849 0.346302 0.346302 0.346302
5686.848633 0.000000 1095.715820 0.000000 0.898570 0.000000 0.438830 0.352431 0.352431 0.352431
5659.322754 0.000000 1097.673096 0.000000 0.950550 0.000000 0.310570 0.379186 0.379186 0.379186
5690.590332 0.000000 1115.757568 0.000000 0.603957 0.000000 0.797017 0.329506 0.329506 0.329506
5670.060059 0.000000 1094.027344 0.000000 0.888297 0.000000 0.459270 0.366882 0.366882 0.366882
5695.974609 0.000000 1104.734497 0.000000 0.933864 0.000000 0.357629 0.364143 0.364143 0.364143
5687.433594 0.000000 1094.406372 0.000000 0.636523 0.000000 0.771257 0.328810 0.328810 0.328810
5663.813965 0.000000 1096.241577 0.000000 0.825267 0.000000 0.564743 0.319375 0.319375 0.319375
5670.074219 0.000000 1083.049683 0.000000 0.815227 0.000000 0.579141 0.333724 0.333724 0.333724
5671.319336 0.000000 1097.915894 0.000000 0.689502 0.000000 0.724284 0.341154 0.341154 0.341154
5691.590332 0.000000 1076.355713 0.000000 0.757694 0.000000 0.652610 0.351007 0.351007 0.351007
5690.406250 0.000000 1112.283447 0.000000 0.808880 0.000000 0.587974 0.335800 0.335800 0.335800
5691.996582 0.000000 1080.472046 0.000000 0.691333 0.000000 0.722537 0.342144 0.342144 0.342144
5664.387695 0.000000 1082.496582 0.000000 0.868899 0.000000 0.494990 0.361863 0.361863 0.361863
5668.202637 0.000000 1076.851807 0.000000 0.708259 0.000000 0.705952 0.339006 0.339006 0.339006
5682.592773 0.000000 1078.914307 0.000000 0.858788 0.000000 0.512331 0.358908 0.358908 0.358908
5678.601562 0.000000 1080.305664 0.000000 0.615539 0.000000 0.788106 0.330655 0.330655 0.330655
5690.145020 0.000000 1118.347290 0.000000 0.907987 0.000000 0.418998 0.368914 0.368914 0.368914
5666.956543 0.000000 1094.433228 0.000000 0.926969 0.000000 0.375139 0.372447 0.372447 0.372447
5680.795410 0.000000 1083.228149 0.000000 0.855437 0.000000 0.517907 0.358411 0.358411 0.358411
5680.198730 0.000000 1096.875000 0.000000 0.743165 0.000000 0.669108 0.347113 0.347113 0.347113
5683.501953 0.000000 1073.270020 0.000000 0.762483 0.000000 0.647008 0.346245 0.346245 0.346245
5689.725098 0.000000 1105.705688 0.000000 0.629779 0.000000 0.776775 0.332045 0.332045 0.332045
5681.862305 0.000000 1074.404907 0.000000 0.924347 0.000000 0.381552 0.370094 0.370094 0.370094
5697.318848 0.000000 1112.091553 0.000000 0.945588 0.000000 0.325366 0.220598 0.220598 0.220598
5696.009766 0.000000 1115.395630 0.000000 0.940479 0.000000 0.339852 0.210936 0.210936 0.210936
5709.704590 0.000000 1086.029785 0.000000 0.824808 0.000000 0.565413 0.318435 0.318435 0.318435
5696.144043 0.000000 1101.603394 0.000000 0.712479 0.000000 0.701693 0.283123 0.283123 0.283123
5698.209961 0.000000 1083.977905 0.000000 0.896114 0.000000 0.443825 0.319910 0.319910 0.319910
5700.846680 0.000000 1088.110474 0.000000 0.871508 0.000000 0.490382 0.301587 0.301587 0.301587
5702.267578 0.000000 1097.643188 0.000000 0.816331 0.000000 0.577584 0.328504 0.328504 0.328504
5698.732422 0.000000 1081.416748 0.000000 0.892164 0.000000 0.451712 0.367120 0.367120 0.367120
5712.913574 0.000000 1076.986084 0.000000 0.597247 0.000000 0.802057 0.335636 0.335636 0.335636
5705.386230 0.000000 1080.473633 0.000000 0.949250 0.000000 0.314521 0.376037 0.376037 0.376037
5697.144043 0.000000 1098.657349 0.000000 0.639247 0.000000 0.769001 0.332981 0.332981 0.332981
5709.181641 0.000000 1075.019165 0.000000 0.918855 0.000000 0.394595 0.369012 0.369012 0.369012
"}
object={
	name="rainforest_generator_2_2"
	clamp_to_water_level=no
	render_under_water=no
	generated_content=yes
	layer="semidynamic_medium"
	pdxmesh="tree_rainforest_003_mesh"
	count=112
	transform="5667.765137 0.000000 1042.566040 0.000000 0.952385 0.000000 -0.304897 0.222417 0.222417 0.222417
5683.213867 0.000000 1062.975952 0.000000 0.997942 0.000000 -0.064121 0.210237 0.210237 0.210237
5673.204590 0.000000 1053.280151 0.000000 0.993638 0.000000 -0.112617 0.251990 0.251990 0.251990
5673.936523 0.000000 1069.815186 0.000000 0.978178 0.000000 0.207768 0.328488 0.328488 0.328488
5692.112793 0.000000 1052.393799 0.000000 0.999181 0.000000 -0.040469 0.323072 0.323072 0.323072
5694.871094 0.000000 1060.229248 0.000000 0.999999 0.000000 -0.001275 0.400085 0.400085 0.400085
5667.506348 0.000000 1048.588867 0.000000 0.994456 0.000000 0.105156 0.390066 0.390066 0.390066
5678.236328 0.000000 1072.575195 0.000000 0.964068 0.000000 -0.265655 0.403550 0.403550 0.403550
5671.243164 0.000000 1067.619019 0.000000 0.974907 0.000000 -0.222614 0.415245 0.415245 0.415245
5663.902832 0.000000 1032.002441 0.000000 0.998306 0.000000 -0.058174 0.396835 0.396835 0.396835
5673.405762 0.000000 1054.571655 0.000000 0.991473 0.000000 -0.130310 0.407143 0.407143 0.407143
5676.614746 0.000000 1065.975342 0.000000 0.952797 0.000000 0.303607 0.379207 0.379207 0.379207
5675.276855 0.000000 1062.205322 0.000000 0.956353 0.000000 0.292214 0.377346 0.377346 0.377346
5685.900391 0.000000 1068.093506 0.000000 0.998036 0.000000 -0.062638 0.404788 0.404788 0.404788
5682.230469 0.000000 1067.675049 0.000000 0.979149 0.000000 -0.203144 0.415628 0.415628 0.415628
5672.134277 0.000000 1061.309204 0.000000 0.996939 0.000000 -0.078178 0.405979 0.405979 0.405979
5690.145020 0.000000 1061.862915 0.000000 0.987655 0.000000 -0.156646 0.411074 0.411074 0.411074
5683.368652 0.000000 1068.204590 0.000000 0.969678 0.000000 -0.244387 0.418861 0.418861 0.418861
5671.595215 0.000000 1059.816650 0.000000 0.953703 0.000000 0.300749 0.378570 0.378570 0.378570
5714.127930 0.000000 1029.994751 0.000000 0.984322 0.000000 0.176383 0.279807 0.279807 0.279807
5722.074219 0.000000 1047.235229 0.000000 0.980678 0.000000 -0.195630 0.279334 0.279334 0.279334
5715.771973 0.000000 1039.344238 0.000000 0.956992 0.000000 -0.290116 0.279322 0.279322 0.279322
5702.424805 0.000000 1037.078857 0.000000 0.999327 0.000000 0.036668 0.248056 0.248056 0.248056
5696.936035 0.000000 1039.328247 0.000000 0.993951 0.000000 0.109829 0.230260 0.230260 0.230260
5709.099609 0.000000 1036.495361 0.000000 0.999991 0.000000 0.004129 0.252021 0.252021 0.252021
5712.186523 0.000000 1035.869995 0.000000 0.998838 0.000000 -0.048204 0.216839 0.216839 0.216839
5716.832520 0.000000 1029.298340 0.000000 0.985464 0.000000 0.169884 0.302444 0.302444 0.302444
5713.436523 0.000000 1040.587769 0.000000 0.958866 0.000000 0.283859 0.298548 0.298548 0.298548
5723.190918 0.000000 1045.028198 0.000000 0.992463 0.000000 -0.122542 0.265990 0.265990 0.265990
5716.141113 0.000000 1070.650513 0.000000 0.980938 0.000000 -0.194319 0.288698 0.288698 0.288698
5720.332520 0.000000 1051.923218 0.000000 0.984749 0.000000 0.173979 0.318263 0.318263 0.318263
5708.062012 0.000000 1038.024170 0.000000 0.996785 0.000000 -0.080118 0.282187 0.282187 0.282187
5709.306641 0.000000 1041.270264 0.000000 0.988899 0.000000 -0.148588 0.313085 0.313085 0.313085
5704.954590 0.000000 1040.436768 0.000000 0.998973 0.000000 -0.045306 0.326658 0.326658 0.326658
5721.045410 0.000000 1028.610596 0.000000 0.979708 0.000000 -0.200428 0.413300 0.413300 0.413300
5718.733398 0.000000 1025.489868 0.000000 0.992511 0.000000 0.122151 0.391776 0.391776 0.391776
5702.813965 0.000000 1038.482788 0.000000 0.995433 0.000000 -0.095466 0.366678 0.366678 0.366678
5720.874512 0.000000 1034.733887 0.000000 0.999215 0.000000 0.039628 0.346658 0.346658 0.346658
5706.576172 0.000000 1047.062500 0.000000 0.995812 0.000000 0.091420 0.393418 0.393418 0.393418
5720.631836 0.000000 1027.331665 0.000000 0.999868 0.000000 0.016252 0.398945 0.398945 0.398945
5718.619629 0.000000 1050.239868 0.000000 0.992974 0.000000 0.118329 0.368876 0.368876 0.368876
5715.693848 0.000000 1046.054443 0.000000 0.998923 0.000000 0.046397 0.393743 0.393743 0.393743
5716.561035 0.000000 1067.484131 0.000000 0.996848 0.000000 -0.079338 0.364719 0.364719 0.364719
5702.988770 0.000000 1058.178955 0.000000 0.983300 0.000000 -0.181994 0.413981 0.413981 0.413981
5696.489258 0.000000 1048.140747 0.000000 0.982179 0.000000 0.187947 0.386689 0.386689 0.386689
5702.969727 0.000000 1049.042847 0.000000 0.988543 0.000000 -0.150937 0.410478 0.410478 0.410478
5704.362793 0.000000 1072.503784 0.000000 0.999990 0.000000 -0.004494 0.400343 0.400343 0.400343
5707.890137 0.000000 1067.451782 0.000000 0.962864 0.000000 0.269986 0.379115 0.379115 0.379115
5714.479492 0.000000 1063.362183 0.000000 0.959129 0.000000 0.282970 0.378083 0.378083 0.378083
5713.980469 0.000000 1055.974487 0.000000 0.987404 0.000000 0.158222 0.387862 0.387862 0.387862
5697.670898 0.000000 1066.639404 0.000000 0.979419 0.000000 -0.201838 0.415526 0.415526 0.415526
5703.807129 0.000000 1049.920410 0.000000 0.964659 0.000000 -0.263502 0.418440 0.418440 0.418440
5701.862793 0.000000 1052.583618 0.000000 0.989902 0.000000 0.141751 0.389134 0.389134 0.389134
5701.747070 0.000000 1049.689697 0.000000 0.996389 0.000000 -0.084905 0.406494 0.406494 0.406494
5708.307617 0.000000 1057.479248 0.000000 0.995521 0.000000 0.094537 0.392767 0.392767 0.392767
5705.062988 0.000000 1058.698730 0.000000 0.998638 0.000000 0.052171 0.396013 0.396013 0.396013
5706.690430 0.000000 1063.080566 0.000000 0.978104 0.000000 -0.208117 0.416016 0.416016 0.416016
5663.453613 0.000000 1089.933228 0.000000 0.988200 0.000000 -0.153167 0.211233 0.211233 0.211233
5663.826172 0.000000 1081.325562 0.000000 0.998174 0.000000 0.060403 0.222153 0.222153 0.222153
5695.586426 0.000000 1126.637695 0.000000 0.983347 0.000000 -0.181740 0.201551 0.201551 0.201551
5666.015137 0.000000 1093.698608 0.000000 0.962128 0.000000 0.272598 0.252019 0.252019 0.252019
5661.020508 0.000000 1086.033447 0.000000 0.995427 0.000000 -0.095530 0.207172 0.207172 0.207172
5676.194824 0.000000 1085.280518 0.000000 0.998673 0.000000 -0.051494 0.307564 0.307564 0.307564
5665.491699 0.000000 1079.098389 0.000000 0.989717 0.000000 0.143040 0.272075 0.272075 0.272075
5663.888672 0.000000 1094.747437 0.000000 0.971409 0.000000 -0.237413 0.288689 0.288689 0.288689
5693.382324 0.000000 1103.505493 0.000000 0.982291 0.000000 -0.187361 0.357026 0.357026 0.357026
5661.739258 0.000000 1094.666260 0.000000 0.990895 0.000000 -0.134634 0.263947 0.263947 0.263947
5684.679199 0.000000 1092.892456 0.000000 0.979345 0.000000 0.202195 0.312956 0.312956 0.312956
5677.431152 0.000000 1077.254761 0.000000 0.979318 0.000000 -0.202325 0.396091 0.396091 0.396091
5688.471680 0.000000 1113.659180 0.000000 0.999867 0.000000 0.016295 0.325424 0.325424 0.325424
5683.291016 0.000000 1083.627197 0.000000 0.983690 0.000000 0.179873 0.358132 0.358132 0.358132
5690.250000 0.000000 1106.695068 0.000000 0.979276 0.000000 -0.202531 0.318463 0.318463 0.318463
5663.972656 0.000000 1097.584106 0.000000 1.000000 0.000000 0.000666 0.346189 0.346189 0.346189
5686.403320 0.000000 1092.888916 0.000000 0.999762 0.000000 -0.021800 0.383315 0.383315 0.383315
5664.594727 0.000000 1092.841553 0.000000 0.998776 0.000000 0.049461 0.325251 0.325251 0.325251
5686.998047 0.000000 1090.505371 0.000000 0.982575 0.000000 -0.185869 0.407102 0.407102 0.407102
5658.869141 0.000000 1094.651978 0.000000 0.998273 0.000000 0.058749 0.365557 0.365557 0.365557
5667.030762 0.000000 1097.097534 0.000000 0.953181 0.000000 -0.302400 0.379716 0.379716 0.379716
5694.095703 0.000000 1104.749268 0.000000 0.979836 0.000000 -0.199804 0.397145 0.397145 0.397145
5693.587402 0.000000 1121.100952 0.000000 0.997425 0.000000 0.071723 0.326578 0.326578 0.326578
5689.198730 0.000000 1099.938599 0.000000 0.983083 0.000000 0.183162 0.330595 0.330595 0.330595
5695.116211 0.000000 1092.952881 0.000000 0.997830 0.000000 0.065843 0.376130 0.376130 0.376130
5670.002930 0.000000 1074.864746 0.000000 0.953213 0.000000 0.302298 0.379223 0.379223 0.379223
5693.256836 0.000000 1078.567871 0.000000 0.968232 0.000000 0.250054 0.359514 0.359514 0.359514
5658.696777 0.000000 1092.949219 0.000000 0.999293 0.000000 -0.037602 0.395576 0.395576 0.395576
5686.395020 0.000000 1083.266357 0.000000 0.966898 0.000000 0.255163 0.383123 0.383123 0.383123
5668.268066 0.000000 1095.829102 0.000000 0.979504 0.000000 0.201424 0.385873 0.385873 0.385873
5664.863281 0.000000 1094.027832 0.000000 0.964323 0.000000 -0.264730 0.417859 0.417859 0.417859
5680.334961 0.000000 1089.306519 0.000000 0.993120 0.000000 -0.117105 0.407795 0.407795 0.407795
5673.763184 0.000000 1095.223633 0.000000 0.961108 0.000000 0.276174 0.381279 0.381279 0.381279
5677.140625 0.000000 1092.815674 0.000000 0.994211 0.000000 0.107442 0.391776 0.391776 0.391776
5694.282715 0.000000 1089.323853 0.000000 0.979052 0.000000 -0.203611 0.414845 0.414845 0.414845
5695.384277 0.000000 1088.967407 0.000000 0.999866 0.000000 -0.016388 0.401187 0.401187 0.401187
5684.906250 0.000000 1079.455566 0.000000 0.972868 0.000000 0.231362 0.382164 0.382164 0.382164
5690.872070 0.000000 1101.333862 0.000000 0.963631 0.000000 -0.267238 0.420667 0.420667 0.420667
5695.124512 0.000000 1096.916504 0.000000 0.977708 0.000000 0.209967 0.383839 0.383839 0.383839
5680.528320 0.000000 1079.075562 0.000000 0.997988 0.000000 -0.063403 0.404847 0.404847 0.404847
5716.569336 0.000000 1078.589600 0.000000 0.980692 0.000000 0.195558 0.198256 0.198256 0.198256
5696.254883 0.000000 1120.343994 0.000000 0.962206 0.000000 0.272322 0.222434 0.222434 0.222434
5696.894531 0.000000 1103.503296 0.000000 0.997002 0.000000 0.077379 0.225236 0.225236 0.225236
5711.197266 0.000000 1084.835938 0.000000 0.982293 0.000000 0.187353 0.275236 0.275236 0.275236
5702.028809 0.000000 1096.132690 0.000000 0.962651 0.000000 0.270744 0.345169 0.345169 0.345169
5712.790527 0.000000 1081.358398 0.000000 0.956970 0.000000 -0.290188 0.363070 0.363070 0.363070
5707.039062 0.000000 1089.459473 0.000000 0.976710 0.000000 -0.214565 0.408917 0.408917 0.408917
5699.597168 0.000000 1098.309692 0.000000 0.954329 0.000000 0.298758 0.343743 0.343743 0.343743
5704.131348 0.000000 1082.590820 0.000000 0.987920 0.000000 -0.154966 0.332035 0.332035 0.332035
5710.755859 0.000000 1082.651245 0.000000 0.953002 0.000000 -0.302964 0.420133 0.420133 0.420133
5702.753418 0.000000 1078.367798 0.000000 0.966461 0.000000 0.256814 0.370314 0.370314 0.370314
5697.312988 0.000000 1092.688721 0.000000 0.983065 0.000000 -0.183258 0.409335 0.409335 0.409335
5699.510254 0.000000 1080.477173 0.000000 0.976667 0.000000 -0.214758 0.415184 0.415184 0.415184
5697.121582 0.000000 1090.311646 0.000000 0.995060 0.000000 -0.099276 0.407522 0.407522 0.407522
5708.654785 0.000000 1076.907593 0.000000 0.999419 0.000000 0.034074 0.397396 0.397396 0.397396
"}
object={
	name="rainforest_generator_2_3"
	clamp_to_water_level=no
	render_under_water=no
	generated_content=yes
	layer="semidynamic_medium"
	pdxmesh="tree_rainforest_004_mesh"
	count=114
	transform="5669.098633 0.000000 1059.589722 0.000000 0.761438 0.000000 -0.648238 0.258016 0.258016 0.258016
5692.832520 0.000000 1049.040527 0.000000 0.701922 0.000000 -0.712254 0.233670 0.233670 0.233670
5670.581055 0.000000 1051.843140 0.000000 0.850771 0.000000 -0.525536 0.241585 0.241585 0.241585
5658.245605 0.000000 1035.230591 0.000000 0.895281 0.000000 -0.445502 0.241395 0.241395 0.241395
5668.550293 0.000000 1047.512817 0.000000 0.620497 0.000000 -0.784209 0.248271 0.248271 0.248271
5668.952637 0.000000 1057.195679 0.000000 0.795733 0.000000 -0.605647 0.311317 0.311317 0.311317
5674.638672 0.000000 1067.151367 0.000000 0.668072 0.000000 -0.744096 0.388030 0.388030 0.388030
5675.722656 0.000000 1072.041992 0.000000 0.621334 0.000000 -0.783546 0.430418 0.430418 0.430418
5663.967773 0.000000 1034.918457 0.000000 0.711364 0.000000 -0.702824 0.425055 0.425055 0.425055
5662.394531 0.000000 1034.765015 0.000000 0.731981 0.000000 -0.681325 0.423369 0.423369 0.423369
5677.470215 0.000000 1064.003052 0.000000 0.675633 0.000000 -0.737238 0.455878 0.455878 0.455878
5690.669922 0.000000 1072.456543 0.000000 0.783304 0.000000 -0.621639 0.427280 0.427280 0.427280
5663.813965 0.000000 1039.757202 0.000000 0.888471 0.000000 -0.458932 0.397449 0.397449 0.397449
5693.190430 0.000000 1072.140869 0.000000 0.900803 0.000000 -0.434228 0.434315 0.434315 0.434315
5678.873535 0.000000 1065.820190 0.000000 0.927424 0.000000 -0.374012 0.429284 0.429284 0.429284
5676.346191 0.000000 1064.358643 0.000000 0.845163 0.000000 -0.534508 0.438012 0.438012 0.438012
5695.312988 0.000000 1057.993652 0.000000 0.909531 0.000000 -0.415637 0.432746 0.432746 0.432746
5684.617188 0.000000 1070.075806 0.000000 0.816084 0.000000 -0.577934 0.447074 0.447074 0.447074
5672.275879 0.000000 1065.491333 0.000000 0.816342 0.000000 -0.577569 0.443043 0.443043 0.443043
5692.292969 0.000000 1073.041626 0.000000 0.939475 0.000000 -0.342616 0.426715 0.426715 0.426715
5694.400879 0.000000 1056.269409 0.000000 0.779570 0.000000 -0.626316 0.451705 0.451705 0.451705
5717.705078 0.000000 1043.586426 0.000000 0.779227 0.000000 -0.626741 0.304195 0.304195 0.304195
5725.530273 0.000000 1044.011108 0.000000 0.680689 0.000000 -0.732573 0.250942 0.250942 0.250942
5720.795410 0.000000 1044.630981 0.000000 0.705966 0.000000 -0.708245 0.309879 0.309879 0.309879
5724.947754 0.000000 1046.790527 0.000000 0.788026 0.000000 -0.615642 0.258538 0.258538 0.258538
5719.068359 0.000000 1021.229919 0.000000 0.619208 0.000000 -0.785227 0.239087 0.239087 0.239087
5719.408203 0.000000 1028.556885 0.000000 0.699583 0.000000 -0.714551 0.346979 0.346979 0.346979
5714.128418 0.000000 1037.480347 0.000000 0.682496 0.000000 -0.730889 0.260065 0.260065 0.260065
5715.236816 0.000000 1028.041870 0.000000 0.850886 0.000000 -0.525350 0.299528 0.299528 0.299528
5718.981445 0.000000 1044.943359 0.000000 0.948733 0.000000 -0.316079 0.322488 0.322488 0.322488
5712.985352 0.000000 1038.894531 0.000000 0.917004 0.000000 -0.398879 0.290728 0.290728 0.290728
5721.034668 0.000000 1048.665283 0.000000 0.774808 0.000000 -0.632197 0.333564 0.333564 0.333564
5720.512695 0.000000 1024.451660 0.000000 0.863960 0.000000 -0.503560 0.389569 0.389569 0.389569
5720.204102 0.000000 1061.246216 0.000000 0.732665 0.000000 -0.680589 0.367229 0.367229 0.367229
5721.560059 0.000000 1059.892212 0.000000 0.676784 0.000000 -0.736182 0.381810 0.381810 0.381810
5718.338379 0.000000 1029.701172 0.000000 0.937572 0.000000 -0.347791 0.331047 0.331047 0.331047
5714.834473 0.000000 1043.308228 0.000000 0.931027 0.000000 -0.364950 0.339173 0.339173 0.339173
5714.338867 0.000000 1024.751953 0.000000 0.852594 0.000000 -0.522574 0.397345 0.397345 0.397345
5719.838867 0.000000 1047.742432 0.000000 0.850597 0.000000 -0.525817 0.348652 0.348652 0.348652
5718.014160 0.000000 1022.252808 0.000000 0.881384 0.000000 -0.472401 0.399576 0.399576 0.399576
5718.292480 0.000000 1048.139282 0.000000 0.733693 0.000000 -0.679481 0.385203 0.385203 0.385203
5721.534668 0.000000 1026.280762 0.000000 0.841893 0.000000 -0.539644 0.437000 0.437000 0.437000
5696.126465 0.000000 1062.401611 0.000000 0.860814 0.000000 -0.508920 0.436790 0.436790 0.436790
5725.510254 0.000000 1030.781738 0.000000 0.713660 0.000000 -0.700492 0.449989 0.449989 0.449989
5711.223145 0.000000 1045.065308 0.000000 0.889369 0.000000 -0.457190 0.414393 0.414393 0.414393
5701.575684 0.000000 1038.067261 0.000000 0.691432 0.000000 -0.722442 0.458652 0.458652 0.458652
5701.108887 0.000000 1066.351318 0.000000 0.601504 0.000000 -0.798870 0.463534 0.463534 0.463534
5717.902344 0.000000 1062.205200 0.000000 0.944006 0.000000 -0.329928 0.422748 0.422748 0.422748
5698.034668 0.000000 1042.804443 0.000000 0.700095 0.000000 -0.714050 0.451422 0.451422 0.451422
5700.561035 0.000000 1063.000244 0.000000 0.638313 0.000000 -0.769777 0.467112 0.467112 0.467112
5700.508301 0.000000 1059.419312 0.000000 0.607594 0.000000 -0.794248 0.470112 0.470112 0.470112
5696.743652 0.000000 1067.639526 0.000000 0.621336 0.000000 -0.783544 0.468782 0.468782 0.468782
5704.099121 0.000000 1052.108276 0.000000 0.806540 0.000000 -0.591180 0.448321 0.448321 0.448321
5724.949219 0.000000 1037.423828 0.000000 0.791109 0.000000 -0.611675 0.449295 0.449295 0.449295
5703.351074 0.000000 1055.969727 0.000000 0.897586 0.000000 -0.440839 0.434877 0.434877 0.434877
5698.420898 0.000000 1060.435059 0.000000 0.907342 0.000000 -0.420392 0.432604 0.432604 0.432604
5709.138672 0.000000 1048.257080 0.000000 0.783919 0.000000 -0.620863 0.451172 0.451172 0.451172
5696.352051 0.000000 1055.104492 0.000000 0.836452 0.000000 -0.548040 0.444310 0.444310 0.444310
5701.505859 0.000000 1046.189331 0.000000 0.870584 0.000000 -0.492019 0.439298 0.439298 0.439298
5703.241211 0.000000 1051.248291 0.000000 0.758541 0.000000 -0.651625 0.454219 0.454219 0.454219
5690.368164 0.000000 1125.129028 0.000000 0.705782 0.000000 -0.708429 0.233596 0.233596 0.233596
5655.293457 0.000000 1096.767944 0.000000 0.915446 0.000000 -0.402441 0.205747 0.205747 0.205747
5672.974609 0.000000 1084.724731 0.000000 0.627350 0.000000 -0.778737 0.344838 0.344838 0.344838
5665.412109 0.000000 1088.160278 0.000000 0.710781 0.000000 -0.703413 0.279037 0.279037 0.279037
5681.394043 0.000000 1098.532837 0.000000 0.721190 0.000000 -0.692738 0.285310 0.285310 0.285310
5669.463867 0.000000 1080.808472 0.000000 0.914732 0.000000 -0.404062 0.339530 0.339530 0.339530
5686.158691 0.000000 1105.262939 0.000000 0.857212 0.000000 -0.514964 0.280174 0.280174 0.280174
5695.509766 0.000000 1110.421631 0.000000 0.635828 0.000000 -0.771831 0.382783 0.382783 0.382783
5689.190430 0.000000 1115.309937 0.000000 0.765943 0.000000 -0.642908 0.318012 0.318012 0.318012
5677.143066 0.000000 1073.505493 0.000000 0.914869 0.000000 -0.403751 0.255263 0.255263 0.255263
5666.934570 0.000000 1076.772339 0.000000 0.789461 0.000000 -0.613800 0.379860 0.379860 0.379860
5674.440430 0.000000 1089.412109 0.000000 0.676204 0.000000 -0.736714 0.273427 0.273427 0.273427
5693.282227 0.000000 1117.158325 0.000000 0.840416 0.000000 -0.541941 0.381147 0.381147 0.381147
5669.372070 0.000000 1077.267700 0.000000 0.837206 0.000000 -0.546888 0.417764 0.417764 0.417764
5677.674805 0.000000 1086.206543 0.000000 0.842737 0.000000 -0.538325 0.370320 0.370320 0.370320
5666.375977 0.000000 1089.645874 0.000000 0.800017 0.000000 -0.599978 0.395392 0.395392 0.395392
5689.206055 0.000000 1082.829590 0.000000 0.787530 0.000000 -0.616277 0.350246 0.350246 0.350246
5692.201172 0.000000 1093.793701 0.000000 0.858991 0.000000 -0.511990 0.365009 0.365009 0.365009
5689.728516 0.000000 1098.597778 0.000000 0.939098 0.000000 -0.343650 0.353193 0.353193 0.353193
5669.106445 0.000000 1085.801147 0.000000 0.607395 0.000000 -0.794400 0.371391 0.371391 0.371391
5691.955078 0.000000 1104.258301 0.000000 0.905450 0.000000 -0.424452 0.372227 0.372227 0.372227
5689.773926 0.000000 1094.991943 0.000000 0.845262 0.000000 -0.534353 0.395392 0.395392 0.395392
5695.883789 0.000000 1111.942627 0.000000 0.936715 0.000000 -0.350093 0.359719 0.359719 0.359719
5692.055664 0.000000 1079.120483 0.000000 0.747292 0.000000 -0.664495 0.412207 0.412207 0.412207
5675.440918 0.000000 1080.891479 0.000000 0.671036 0.000000 -0.741425 0.453587 0.453587 0.453587
5665.762207 0.000000 1095.100952 0.000000 0.831629 0.000000 -0.555332 0.439246 0.439246 0.439246
5656.470703 0.000000 1095.951050 0.000000 0.831580 0.000000 -0.555405 0.379233 0.379233 0.379233
5684.156250 0.000000 1091.571167 0.000000 0.682233 0.000000 -0.731135 0.417219 0.417219 0.417219
5687.777832 0.000000 1102.138184 0.000000 0.862091 0.000000 -0.506753 0.415033 0.415033 0.415033
5671.339844 0.000000 1074.785645 0.000000 0.784916 0.000000 -0.619602 0.445210 0.445210 0.445210
5686.683594 0.000000 1103.765015 0.000000 0.879683 0.000000 -0.475561 0.412963 0.412963 0.412963
5678.200195 0.000000 1074.312866 0.000000 0.745363 0.000000 -0.666659 0.419417 0.419417 0.419417
5681.067871 0.000000 1077.732056 0.000000 0.874763 0.000000 -0.484550 0.438644 0.438644 0.438644
5662.868164 0.000000 1093.945312 0.000000 0.826652 0.000000 -0.562714 0.439839 0.439839 0.439839
5678.633301 0.000000 1077.918945 0.000000 0.610849 0.000000 -0.791747 0.462271 0.462271 0.462271
5686.646973 0.000000 1091.691772 0.000000 0.599690 0.000000 -0.800232 0.452999 0.452999 0.452999
5692.552246 0.000000 1074.512329 0.000000 0.694497 0.000000 -0.719495 0.461350 0.461350 0.461350
5682.000000 0.000000 1076.510986 0.000000 0.676246 0.000000 -0.736676 0.463265 0.463265 0.463265
5681.195312 0.000000 1073.566040 0.000000 0.730940 0.000000 -0.682442 0.457380 0.457380 0.457380
5679.740234 0.000000 1088.341675 0.000000 0.909175 0.000000 -0.416413 0.432811 0.432811 0.432811
5683.336914 0.000000 1095.314819 0.000000 0.925141 0.000000 -0.379623 0.429747 0.429747 0.429747
5681.364258 0.000000 1075.492432 0.000000 0.797159 0.000000 -0.603770 0.449520 0.449520 0.449520
5719.491699 0.000000 1073.834595 0.000000 0.909348 0.000000 -0.416037 0.229971 0.229971 0.229971
5696.163086 0.000000 1107.949707 0.000000 0.932260 0.000000 -0.361790 0.227966 0.227966 0.227966
5699.099121 0.000000 1099.904785 0.000000 0.705432 0.000000 -0.708778 0.396974 0.396974 0.396974
5704.404785 0.000000 1093.630981 0.000000 0.792577 0.000000 -0.609772 0.391902 0.391902 0.391902
5709.188965 0.000000 1081.457764 0.000000 0.892549 0.000000 -0.450951 0.303499 0.303499 0.303499
5696.233887 0.000000 1086.646362 0.000000 0.943343 0.000000 -0.331818 0.318150 0.318150 0.318150
5698.970703 0.000000 1082.650757 0.000000 0.870588 0.000000 -0.492012 0.361404 0.361404 0.361404
5698.009277 0.000000 1094.251831 0.000000 0.906152 0.000000 -0.422953 0.428674 0.428674 0.428674
5704.409180 0.000000 1088.022583 0.000000 0.613612 0.000000 -0.789608 0.460670 0.460670 0.460670
5712.053223 0.000000 1078.563477 0.000000 0.715325 0.000000 -0.698792 0.459107 0.459107 0.459107
5696.361816 0.000000 1094.839111 0.000000 0.806910 0.000000 -0.590674 0.448273 0.448273 0.448273
5698.932617 0.000000 1097.364258 0.000000 0.670593 0.000000 -0.741825 0.463850 0.463850 0.463850
"}
object={
	name="rainforest_generator_2_4"
	clamp_to_water_level=no
	render_under_water=no
	generated_content=yes
	layer="semidynamic_medium"
	pdxmesh="tree_rainforest_005_mesh"
	count=120
	transform="5687.107910 0.000000 1061.920044 0.000000 0.435200 0.000000 -0.900334 0.269615 0.269615 0.269615
5661.530273 0.000000 1044.011108 0.000000 0.003238 0.000000 -0.999995 0.270493 0.270493 0.270493
5677.386719 0.000000 1071.425781 0.000000 0.410788 0.000000 -0.911731 0.295485 0.295485 0.295485
5689.190430 0.000000 1058.825562 0.000000 0.252390 0.000000 -0.967626 0.263249 0.263249 0.263249
5677.836426 0.000000 1069.351562 0.000000 0.565502 0.000000 -0.824747 0.396965 0.396965 0.396965
5665.478516 0.000000 1046.740234 0.000000 0.383761 0.000000 -0.923433 0.411277 0.411277 0.411277
5667.500488 0.000000 1044.303345 0.000000 0.131303 0.000000 -0.991342 0.391058 0.391058 0.391058
5690.590332 0.000000 1059.273193 0.000000 0.477577 0.000000 -0.878590 0.382197 0.382197 0.382197
5694.147949 0.000000 1061.673462 0.000000 0.435541 0.000000 -0.900169 0.474667 0.474667 0.474667
5674.351562 0.000000 1065.807129 0.000000 0.326232 0.000000 -0.945290 0.490594 0.490594 0.490594
5681.639160 0.000000 1072.475464 0.000000 0.396767 0.000000 -0.917919 0.488832 0.488832 0.488832
5675.365234 0.000000 1059.706665 0.000000 0.006284 0.000000 -0.999980 0.519520 0.519520 0.519520
5680.248535 0.000000 1070.524048 0.000000 0.387159 0.000000 -0.922013 0.489630 0.489630 0.489630
5689.239746 0.000000 1060.048096 0.000000 0.542591 0.000000 -0.839997 0.473946 0.473946 0.473946
5676.416992 0.000000 1061.722290 0.000000 0.157623 0.000000 -0.987499 0.472772 0.472772 0.472772
5687.883789 0.000000 1062.767822 0.000000 0.330435 0.000000 -0.943829 0.493965 0.493965 0.493965
5686.610352 0.000000 1066.631958 0.000000 0.127580 0.000000 -0.991828 0.510227 0.510227 0.510227
5693.398438 0.000000 1059.531616 0.000000 0.061606 0.000000 -0.998101 0.515291 0.515291 0.515291
5687.347168 0.000000 1072.770020 0.000000 0.577164 0.000000 -0.816629 0.467273 0.467273 0.467273
5687.038086 0.000000 1064.718872 0.000000 0.025972 0.000000 -0.999663 0.518016 0.518016 0.518016
5687.916992 0.000000 1066.885376 0.000000 0.073287 0.000000 -0.997311 0.514396 0.514396 0.514396
5685.492676 0.000000 1072.248047 0.000000 0.097660 0.000000 -0.995220 0.508482 0.508482 0.508482
5689.960449 0.000000 1062.946533 0.000000 0.170993 0.000000 -0.985272 0.506873 0.506873 0.506873
5705.400879 0.000000 1032.837891 0.000000 0.512505 0.000000 -0.858684 0.207735 0.207735 0.207735
5721.505859 0.000000 1070.490479 0.000000 0.305265 0.000000 -0.952267 0.230359 0.230359 0.230359
5722.364746 0.000000 1042.280029 0.000000 0.549456 0.000000 -0.835523 0.267166 0.267166 0.267166
5725.237305 0.000000 1050.240967 0.000000 0.476071 0.000000 -0.879407 0.277051 0.277051 0.277051
5722.245605 0.000000 1035.230591 0.000000 0.215770 0.000000 -0.976444 0.313632 0.313632 0.313632
5724.944336 0.000000 1052.586182 0.000000 0.378428 0.000000 -0.925631 0.277810 0.277810 0.277810
5723.443848 0.000000 1048.983765 0.000000 0.423580 0.000000 -0.905859 0.310875 0.310875 0.310875
5720.887695 0.000000 1058.318970 0.000000 0.350157 0.000000 -0.936691 0.398921 0.398921 0.398921
5717.008301 0.000000 1045.823853 0.000000 0.256949 0.000000 -0.966425 0.385867 0.385867 0.385867
5721.774414 0.000000 1066.417969 0.000000 0.007430 0.000000 -0.999972 0.311269 0.311269 0.311269
5722.057129 0.000000 1052.181885 0.000000 0.128280 0.000000 -0.991738 0.329667 0.329667 0.329667
5722.957520 0.000000 1023.345581 0.000000 0.483413 0.000000 -0.875392 0.415131 0.415131 0.415131
5717.209473 0.000000 1023.580994 0.000000 0.195590 0.000000 -0.980686 0.480649 0.480649 0.480649
5703.363281 0.000000 1040.169067 0.000000 0.397782 0.000000 -0.917480 0.480047 0.480047 0.480047
5720.230957 0.000000 1031.727539 0.000000 0.374522 0.000000 -0.927218 0.479710 0.479710 0.479710
5719.285645 0.000000 1056.429199 0.000000 0.293145 0.000000 -0.956068 0.479395 0.479395 0.479395
5723.442383 0.000000 1025.141602 0.000000 0.375160 0.000000 -0.926960 0.482329 0.482329 0.482329
5698.857910 0.000000 1059.062256 0.000000 0.505633 0.000000 -0.862749 0.478983 0.478983 0.478983
5696.042480 0.000000 1050.149902 0.000000 0.508972 0.000000 -0.860783 0.479206 0.479206 0.479206
5713.357910 0.000000 1050.134399 0.000000 0.512821 0.000000 -0.858496 0.478864 0.478864 0.478864
5697.803711 0.000000 1069.044800 0.000000 0.553730 0.000000 -0.832697 0.464606 0.464606 0.464606
5701.217285 0.000000 1064.867798 0.000000 0.405885 0.000000 -0.913924 0.488071 0.488071 0.488071
5714.317871 0.000000 1051.961426 0.000000 0.313545 0.000000 -0.949573 0.495636 0.495636 0.495636
5723.824219 0.000000 1029.580322 0.000000 0.008134 0.000000 -0.999967 0.508455 0.508455 0.508455
5705.391113 0.000000 1051.282349 0.000000 0.335979 0.000000 -0.941869 0.493824 0.493824 0.493824
5710.050293 0.000000 1048.871826 0.000000 0.305219 0.000000 -0.952282 0.496305 0.496305 0.496305
5696.369141 0.000000 1056.245972 0.000000 0.125881 0.000000 -0.992045 0.508194 0.508194 0.508194
5713.965332 0.000000 1057.343872 0.000000 0.582557 0.000000 -0.812790 0.472493 0.472493 0.472493
5697.237793 0.000000 1053.040771 0.000000 0.223669 0.000000 -0.974665 0.502767 0.502767 0.502767
5700.465332 0.000000 1055.508423 0.000000 0.395235 0.000000 -0.918580 0.488959 0.488959 0.488959
5711.546387 0.000000 1054.600586 0.000000 0.424030 0.000000 -0.905648 0.486548 0.486548 0.486548
5698.422363 0.000000 1055.717041 0.000000 0.444197 0.000000 -0.895929 0.483174 0.483174 0.483174
5708.499512 0.000000 1056.101685 0.000000 0.435257 0.000000 -0.900306 0.485598 0.485598 0.485598
5709.676758 0.000000 1053.712769 0.000000 0.039599 0.000000 -0.999216 0.516974 0.516974 0.516974
5711.808594 0.000000 1060.890137 0.000000 0.162945 0.000000 -0.986635 0.507496 0.507496 0.507496
5673.563477 0.000000 1099.694092 0.000000 0.329417 0.000000 -0.944185 0.239642 0.239642 0.239642
5672.832520 0.000000 1076.704224 0.000000 0.169426 0.000000 -0.985543 0.301346 0.301346 0.301346
5670.893555 0.000000 1092.650513 0.000000 0.364702 0.000000 -0.931124 0.324248 0.324248 0.324248
5672.763184 0.000000 1088.325317 0.000000 0.276644 0.000000 -0.960973 0.234854 0.234854 0.234854
5674.288574 0.000000 1096.350952 0.000000 0.485342 0.000000 -0.874325 0.321884 0.321884 0.321884
5691.000977 0.000000 1111.004150 0.000000 0.564489 0.000000 -0.825441 0.379388 0.379388 0.379388
5675.095215 0.000000 1087.521729 0.000000 0.186249 0.000000 -0.982503 0.264401 0.264401 0.264401
5673.650879 0.000000 1082.489868 0.000000 0.410755 0.000000 -0.911746 0.394481 0.394481 0.394481
5679.448242 0.000000 1097.710693 0.000000 0.423415 0.000000 -0.905936 0.329702 0.329702 0.329702
5680.914551 0.000000 1090.386719 0.000000 0.218932 0.000000 -0.975740 0.279680 0.279680 0.279680
5689.129395 0.000000 1112.021729 0.000000 0.084450 0.000000 -0.996428 0.383214 0.383214 0.383214
5682.709961 0.000000 1087.292969 0.000000 0.094004 0.000000 -0.995572 0.381230 0.381230 0.381230
5692.473145 0.000000 1100.187134 0.000000 0.199814 0.000000 -0.979834 0.404257 0.404257 0.404257
5688.710938 0.000000 1097.034668 0.000000 0.229089 0.000000 -0.973406 0.414184 0.414184 0.414184
5671.989746 0.000000 1099.107056 0.000000 0.100735 0.000000 -0.994913 0.346010 0.346010 0.346010
5689.112305 0.000000 1079.793457 0.000000 0.369782 0.000000 -0.929118 0.472629 0.472629 0.472629
5670.707031 0.000000 1081.760376 0.000000 0.301139 0.000000 -0.953580 0.398075 0.398075 0.398075
5692.027344 0.000000 1118.085571 0.000000 0.269854 0.000000 -0.962901 0.394759 0.394759 0.394759
5694.913574 0.000000 1119.241699 0.000000 0.166036 0.000000 -0.986120 0.417179 0.417179 0.417179
5689.144531 0.000000 1074.818359 0.000000 0.265775 0.000000 -0.964035 0.393361 0.393361 0.393361
5669.374023 0.000000 1079.169678 0.000000 0.492255 0.000000 -0.870451 0.429921 0.429921 0.429921
5684.319336 0.000000 1100.828857 0.000000 0.135906 0.000000 -0.990722 0.492754 0.492754 0.492754
5691.962402 0.000000 1112.151489 0.000000 0.497129 0.000000 -0.867677 0.423492 0.423492 0.423492
5694.871094 0.000000 1116.713623 0.000000 0.190359 0.000000 -0.981715 0.432403 0.432403 0.432403
5694.208984 0.000000 1109.863770 0.000000 0.445101 0.000000 -0.895481 0.414209 0.414209 0.414209
5690.093750 0.000000 1103.640015 0.000000 0.403427 0.000000 -0.915012 0.454300 0.454300 0.454300
5691.526855 0.000000 1105.970337 0.000000 0.377369 0.000000 -0.926063 0.406931 0.406931 0.406931
5693.367188 0.000000 1124.338867 0.000000 0.423971 0.000000 -0.905676 0.401491 0.401491 0.401491
5690.873047 0.000000 1088.952026 0.000000 0.011206 0.000000 -0.999937 0.493933 0.493933 0.493933
5687.129883 0.000000 1099.796509 0.000000 0.459813 0.000000 -0.888016 0.473131 0.473131 0.473131
5685.408691 0.000000 1101.616821 0.000000 0.331466 0.000000 -0.943467 0.479723 0.479723 0.479723
5666.757812 0.000000 1078.665161 0.000000 0.267958 0.000000 -0.963431 0.496356 0.496356 0.496356
5689.981445 0.000000 1078.830688 0.000000 0.248710 0.000000 -0.968578 0.480632 0.480632 0.480632
5693.039062 0.000000 1091.544312 0.000000 0.464894 0.000000 -0.885366 0.453437 0.453437 0.453437
5687.424805 0.000000 1097.472290 0.000000 0.521692 0.000000 -0.853134 0.437251 0.437251 0.437251
5676.330078 0.000000 1091.968018 0.000000 0.580156 0.000000 -0.814505 0.468678 0.468678 0.468678
5685.270996 0.000000 1076.503296 0.000000 0.521126 0.000000 -0.853480 0.470464 0.470464 0.470464
5671.881348 0.000000 1073.266357 0.000000 0.045594 0.000000 -0.998960 0.497096 0.497096 0.497096
5683.578125 0.000000 1096.440430 0.000000 0.584412 0.000000 -0.811457 0.472318 0.472318 0.472318
5665.511719 0.000000 1082.262573 0.000000 0.354236 0.000000 -0.935156 0.489019 0.489019 0.489019
5693.255859 0.000000 1094.293091 0.000000 0.231136 0.000000 -0.972921 0.499510 0.499510 0.499510
5666.086426 0.000000 1080.101196 0.000000 0.287117 0.000000 -0.957896 0.492003 0.492003 0.492003
5695.475098 0.000000 1077.970337 0.000000 0.191515 0.000000 -0.981490 0.505278 0.505278 0.505278
5678.294922 0.000000 1088.645996 0.000000 0.416905 0.000000 -0.908950 0.487148 0.487148 0.487148
5703.671387 0.000000 1098.059692 0.000000 0.393243 0.000000 -0.919434 0.214467 0.214467 0.214467
5697.884766 0.000000 1124.255615 0.000000 0.182438 0.000000 -0.983217 0.211776 0.211776 0.211776
5704.173828 0.000000 1095.469482 0.000000 0.261641 0.000000 -0.965165 0.395122 0.395122 0.395122
5707.442871 0.000000 1091.011719 0.000000 0.282576 0.000000 -0.959245 0.337220 0.337220 0.337220
5701.141602 0.000000 1098.709351 0.000000 0.016981 0.000000 -0.999856 0.261405 0.261405 0.261405
5705.322266 0.000000 1092.170776 0.000000 0.305340 0.000000 -0.952244 0.421631 0.421631 0.421631
5699.049316 0.000000 1085.473999 0.000000 0.193710 0.000000 -0.981059 0.350799 0.350799 0.350799
5704.161133 0.000000 1085.324463 0.000000 0.143870 0.000000 -0.989597 0.408389 0.408389 0.408389
5708.289551 0.000000 1086.650513 0.000000 0.102088 0.000000 -0.994775 0.410257 0.410257 0.410257
5710.213379 0.000000 1074.908081 0.000000 0.561266 0.000000 -0.827636 0.416546 0.416546 0.416546
5715.337891 0.000000 1073.361938 0.000000 0.271634 0.000000 -0.962401 0.404176 0.404176 0.404176
5703.363281 0.000000 1096.653442 0.000000 0.115385 0.000000 -0.993321 0.429532 0.429532 0.429532
5698.058594 0.000000 1091.642456 0.000000 0.397312 0.000000 -0.917684 0.432474 0.432474 0.432474
5699.455566 0.000000 1091.884277 0.000000 0.188118 0.000000 -0.982147 0.444101 0.444101 0.444101
5700.993652 0.000000 1097.386230 0.000000 0.352012 0.000000 -0.935996 0.468927 0.468927 0.468927
5701.529297 0.000000 1076.693115 0.000000 0.343621 0.000000 -0.939108 0.456460 0.456460 0.456460
5701.292969 0.000000 1079.220581 0.000000 0.249694 0.000000 -0.968325 0.497429 0.497429 0.497429
5710.695801 0.000000 1080.089111 0.000000 0.129358 0.000000 -0.991598 0.506133 0.506133 0.506133
"}
