object={
	name="rainforest_generator_1_0"
	clamp_to_water_level=no
	render_under_water=no
	generated_content=yes
	layer="semidynamic"
	pdxmesh="tree_rainforest_001_mesh"
	count=63
	transform="5663.453613 0.000000 1033.448853 0.000000 0.132930 0.000000 0.991125 0.305420 0.305420 0.305420
5680.023926 0.000000 1069.253784 0.000000 0.508895 0.000000 0.860829 0.320787 0.320787 0.320787
5673.322754 0.000000 1064.994385 0.000000 0.489212 0.000000 0.872165 0.325930 0.325930 0.325930
5676.376953 0.000000 1062.986450 0.000000 0.164529 0.000000 0.986372 0.292626 0.292626 0.292626
5671.299805 0.000000 1063.098145 0.000000 0.211196 0.000000 0.977444 0.287358 0.287358 0.287358
5681.129395 0.000000 1067.124634 0.000000 0.556142 0.000000 0.831087 0.325053 0.325053 0.325053
5682.103516 0.000000 1065.051636 0.000000 0.115652 0.000000 0.993290 0.296477 0.296477 0.296477
5674.219238 0.000000 1062.933350 0.000000 0.462179 0.000000 0.886787 0.316704 0.316704 0.316704
5685.188965 0.000000 1071.131470 0.000000 0.207266 0.000000 0.978285 0.295950 0.295950 0.295950
5672.653320 0.000000 1062.361328 0.000000 0.221474 0.000000 0.975166 0.298406 0.298406 0.298406
5694.913574 0.000000 1062.757324 0.000000 0.140390 0.000000 0.990096 0.290761 0.290761 0.290761
5681.352051 0.000000 1069.852417 0.000000 0.042067 0.000000 0.999115 0.283215 0.283215 0.283215
5681.044434 0.000000 1065.799072 0.000000 0.055071 0.000000 0.998482 0.284209 0.284209 0.284209
5680.056641 0.000000 1067.925537 0.000000 0.055433 0.000000 0.998462 0.284237 0.284237 0.284237
5678.797363 0.000000 1068.521851 0.000000 0.160348 0.000000 0.987061 0.292303 0.292303 0.292303
5672.301758 0.000000 1057.035522 0.000000 0.474445 0.000000 0.880285 0.317764 0.317764 0.317764
5716.968750 0.000000 1068.843872 0.000000 0.008946 0.000000 0.999960 0.264181 0.264181 0.264181
5708.552734 0.000000 1042.912842 0.000000 0.388692 0.000000 0.921368 0.291009 0.291009 0.291009
5717.668945 0.000000 1026.507690 0.000000 0.144091 0.000000 0.989564 0.298167 0.298167 0.298167
5723.131348 0.000000 1032.839966 0.000000 0.510806 0.000000 0.859696 0.320289 0.320289 0.320289
5713.260254 0.000000 1043.175903 0.000000 0.221670 0.000000 0.975122 0.279518 0.279518 0.279518
5720.572266 0.000000 1056.183105 0.000000 0.370143 0.000000 0.928975 0.292917 0.292917 0.292917
5712.024902 0.000000 1058.137329 0.000000 0.148024 0.000000 0.988984 0.291350 0.291350 0.291350
5710.057129 0.000000 1068.554565 0.000000 0.513491 0.000000 0.858095 0.331497 0.331497 0.331497
5709.021484 0.000000 1049.347778 0.000000 0.269696 0.000000 0.962946 0.300862 0.300862 0.300862
5709.467285 0.000000 1065.365601 0.000000 0.087810 0.000000 0.996137 0.286717 0.286717 0.286717
5708.996094 0.000000 1046.550659 0.000000 0.577860 0.000000 0.816136 0.330165 0.330165 0.330165
5680.541992 0.000000 1095.788330 0.000000 0.433377 0.000000 0.901213 0.314243 0.314243 0.314243
5693.658691 0.000000 1108.518921 0.000000 0.341124 0.000000 0.940018 0.317278 0.317278 0.317278
5677.943359 0.000000 1075.558105 0.000000 0.585822 0.000000 0.810440 0.339374 0.339374 0.339374
5694.419434 0.000000 1115.350464 0.000000 0.194312 0.000000 0.980940 0.288414 0.288414 0.288414
5690.305176 0.000000 1117.184570 0.000000 0.033857 0.000000 0.999427 0.299854 0.299854 0.299854
5667.200195 0.000000 1086.000122 0.000000 0.575597 0.000000 0.817734 0.329694 0.329694 0.329694
5670.824707 0.000000 1078.441040 0.000000 0.456346 0.000000 0.889803 0.309948 0.309948 0.309948
5695.976562 0.000000 1123.818481 0.000000 0.467150 0.000000 0.884178 0.315450 0.315450 0.315450
5673.128906 0.000000 1094.068848 0.000000 0.176416 0.000000 0.984316 0.306768 0.306768 0.306768
5686.180664 0.000000 1097.053345 0.000000 0.555340 0.000000 0.831623 0.324657 0.324657 0.324657
5681.687988 0.000000 1082.155640 0.000000 0.130178 0.000000 0.991491 0.289973 0.289973 0.289973
5683.914062 0.000000 1078.991455 0.000000 0.162751 0.000000 0.986667 0.292489 0.292489 0.292489
5687.794922 0.000000 1086.209351 0.000000 0.505158 0.000000 0.863027 0.314247 0.314247 0.314247
5695.374512 0.000000 1113.298584 0.000000 0.252158 0.000000 0.967686 0.302323 0.302323 0.302323
5668.682129 0.000000 1096.992432 0.000000 0.338235 0.000000 0.941062 0.303319 0.303319 0.303319
5691.003418 0.000000 1119.212769 0.000000 0.054049 0.000000 0.998538 0.290947 0.290947 0.290947
5678.245605 0.000000 1093.125610 0.000000 0.507900 0.000000 0.861416 0.320699 0.320699 0.320699
5682.317871 0.000000 1077.656250 0.000000 0.338377 0.000000 0.941011 0.306371 0.306371 0.306371
5694.854492 0.000000 1099.786499 0.000000 0.064480 0.000000 0.997919 0.284929 0.284929 0.284929
5677.587891 0.000000 1080.975342 0.000000 0.015009 0.000000 0.999887 0.293576 0.293576 0.293576
5683.561035 0.000000 1099.464966 0.000000 0.152183 0.000000 0.988352 0.291671 0.291671 0.291671
5680.748535 0.000000 1074.615479 0.000000 0.306145 0.000000 0.951985 0.303769 0.303769 0.303769
5691.429199 0.000000 1098.515747 0.000000 0.193206 0.000000 0.981158 0.301038 0.301038 0.301038
5667.182129 0.000000 1079.969482 0.000000 0.511697 0.000000 0.859166 0.323358 0.323358 0.323358
5676.442383 0.000000 1079.715942 0.000000 0.501215 0.000000 0.865323 0.325068 0.325068 0.325068
5693.810547 0.000000 1106.856567 0.000000 0.036772 0.000000 0.999324 0.291235 0.291235 0.291235
5692.112793 0.000000 1108.878174 0.000000 0.447335 0.000000 0.894367 0.325103 0.325103 0.325103
5691.914062 0.000000 1101.525879 0.000000 0.349384 0.000000 0.936980 0.307266 0.307266 0.307266
5681.096680 0.000000 1080.896606 0.000000 0.579210 0.000000 0.815178 0.327193 0.327193 0.327193
5695.423340 0.000000 1076.678345 0.000000 0.573396 0.000000 0.819278 0.326650 0.326650 0.326650
5677.193359 0.000000 1094.052856 0.000000 0.250930 0.000000 0.968005 0.299377 0.299377 0.299377
5700.635742 0.000000 1085.605957 0.000000 0.117484 0.000000 0.993075 0.301692 0.301692 0.301692
5701.431641 0.000000 1083.979736 0.000000 0.453164 0.000000 0.891427 0.319776 0.319776 0.319776
5700.588867 0.000000 1082.840576 0.000000 0.133878 0.000000 0.990998 0.295279 0.295279 0.295279
5697.993652 0.000000 1096.653198 0.000000 0.310971 0.000000 0.950419 0.304157 0.304157 0.304157
5697.219727 0.000000 1081.221680 0.000000 0.382949 0.000000 0.923769 0.310022 0.310022 0.310022
"}
object={
	name="rainforest_generator_1_1"
	clamp_to_water_level=no
	render_under_water=no
	generated_content=yes
	layer="semidynamic"
	pdxmesh="tree_rainforest_002_mesh"
	count=81
	transform="5662.530273 0.000000 1040.178833 0.000000 0.879355 0.000000 0.476167 0.341780 0.341780 0.341780
5693.507812 0.000000 1066.495483 0.000000 0.635411 0.000000 0.772174 0.302729 0.302729 0.302729
5670.346680 0.000000 1070.976440 0.000000 0.822320 0.000000 0.569025 0.358012 0.358012 0.358012
5685.860840 0.000000 1064.785156 0.000000 0.743188 0.000000 0.669082 0.344005 0.344005 0.344005
5665.448730 0.000000 1040.015503 0.000000 0.901450 0.000000 0.432884 0.332890 0.332890 0.332890
5662.952637 0.000000 1036.231079 0.000000 0.849649 0.000000 0.527348 0.321372 0.321372 0.321372
5675.601562 0.000000 1069.618774 0.000000 0.780885 0.000000 0.624675 0.353340 0.353340 0.353340
5660.928223 0.000000 1034.598877 0.000000 0.722105 0.000000 0.691783 0.318771 0.318771 0.318771
5675.596680 0.000000 1065.260254 0.000000 0.880368 0.000000 0.474291 0.363853 0.363853 0.363853
5678.880859 0.000000 1067.254395 0.000000 0.816231 0.000000 0.577726 0.352946 0.352946 0.352946
5677.747070 0.000000 1065.410278 0.000000 0.684301 0.000000 0.729200 0.344918 0.344918 0.344918
5679.350098 0.000000 1071.461792 0.000000 0.929700 0.000000 0.368317 0.371184 0.371184 0.371184
5685.449707 0.000000 1066.610229 0.000000 0.645840 0.000000 0.763472 0.333638 0.333638 0.333638
5670.078125 0.000000 1058.348389 0.000000 0.767147 0.000000 0.641472 0.351144 0.351144 0.351144
5673.033691 0.000000 1058.155518 0.000000 0.685390 0.000000 0.728176 0.337688 0.337688 0.337688
5662.348145 0.000000 1047.057129 0.000000 0.789764 0.000000 0.613411 0.353343 0.353343 0.353343
5675.248047 0.000000 1063.915771 0.000000 0.593704 0.000000 0.804684 0.328560 0.328560 0.328560
5672.675293 0.000000 1063.759033 0.000000 0.864870 0.000000 0.501996 0.360349 0.360349 0.360349
5679.816406 0.000000 1062.507080 0.000000 0.854519 0.000000 0.519419 0.358276 0.358276 0.358276
5688.732422 0.000000 1065.275757 0.000000 0.746050 0.000000 0.665890 0.344332 0.344332 0.344332
5677.556641 0.000000 1062.361938 0.000000 0.632807 0.000000 0.774310 0.332343 0.332343 0.332343
5684.147949 0.000000 1071.880981 0.000000 0.774272 0.000000 0.632853 0.347652 0.347652 0.347652
5678.722168 0.000000 1064.530396 0.000000 0.824359 0.000000 0.566067 0.354031 0.354031 0.354031
5713.722656 0.000000 1068.896118 0.000000 0.591772 0.000000 0.806105 0.332324 0.332324 0.332324
5725.958984 0.000000 1026.919067 0.000000 0.813369 0.000000 0.581748 0.354274 0.354274 0.354274
5702.028809 0.000000 1039.648315 0.000000 0.636404 0.000000 0.771356 0.317928 0.317928 0.317928
5718.911621 0.000000 1057.708374 0.000000 0.636067 0.000000 0.771633 0.343144 0.343144 0.343144
5717.101562 0.000000 1063.169800 0.000000 0.702350 0.000000 0.711832 0.346409 0.346409 0.346409
5723.504395 0.000000 1030.697144 0.000000 0.708959 0.000000 0.705250 0.347431 0.347431 0.347431
5696.525879 0.000000 1054.021851 0.000000 0.716788 0.000000 0.697292 0.341053 0.341053 0.341053
5722.869141 0.000000 1038.167603 0.000000 0.901996 0.000000 0.431745 0.365896 0.365896 0.365896
5707.147461 0.000000 1054.884399 0.000000 0.878068 0.000000 0.478536 0.361880 0.361880 0.361880
5704.627441 0.000000 1056.743164 0.000000 0.869736 0.000000 0.493518 0.360571 0.360571 0.360571
5725.380859 0.000000 1036.116455 0.000000 0.840747 0.000000 0.541428 0.357149 0.357149 0.357149
5721.632324 0.000000 1031.936279 0.000000 0.665850 0.000000 0.746086 0.343443 0.343443 0.343443
5699.597168 0.000000 1041.825317 0.000000 0.863887 0.000000 0.503685 0.361519 0.361519 0.361519
5714.634277 0.000000 1061.987427 0.000000 0.917784 0.000000 0.397080 0.368806 0.368806 0.368806
5714.728027 0.000000 1050.876831 0.000000 0.694789 0.000000 0.719214 0.338681 0.338681 0.338681
5707.568848 0.000000 1072.672119 0.000000 0.851913 0.000000 0.523683 0.357894 0.357894 0.357894
5712.398438 0.000000 1061.775146 0.000000 0.930120 0.000000 0.367256 0.371271 0.371271 0.371271
5701.854492 0.000000 1051.471924 0.000000 0.932408 0.000000 0.361407 0.372028 0.372028 0.372028
5715.616211 0.000000 1062.977417 0.000000 0.947779 0.000000 0.318926 0.375203 0.375203 0.375203
5696.926758 0.000000 1070.412476 0.000000 0.846895 0.000000 0.531760 0.357167 0.357167 0.357167
5705.022461 0.000000 1059.786011 0.000000 0.679615 0.000000 0.733569 0.337085 0.337085 0.337085
5705.264160 0.000000 1061.312012 0.000000 0.942928 0.000000 0.332998 0.374066 0.374066 0.374066
5710.057129 0.000000 1051.381104 0.000000 0.738076 0.000000 0.674718 0.343424 0.343424 0.343424
5693.248047 0.000000 1119.205200 0.000000 0.939571 0.000000 0.342353 0.324614 0.324614 0.324614
5676.062988 0.000000 1082.192261 0.000000 0.623916 0.000000 0.781492 0.339194 0.339194 0.339194
5682.584961 0.000000 1101.097412 0.000000 0.640184 0.000000 0.768222 0.291529 0.291529 0.291529
5682.842773 0.000000 1091.073120 0.000000 0.854631 0.000000 0.519235 0.350957 0.350957 0.350957
5667.991211 0.000000 1088.929565 0.000000 0.702554 0.000000 0.711631 0.323197 0.323197 0.323197
5691.211426 0.000000 1102.821289 0.000000 0.780935 0.000000 0.624612 0.347003 0.347003 0.347003
5672.015625 0.000000 1080.831665 0.000000 0.848234 0.000000 0.529622 0.336763 0.336763 0.336763
5690.385254 0.000000 1075.795166 0.000000 0.671144 0.000000 0.741327 0.317000 0.317000 0.317000
5683.863281 0.000000 1097.575806 0.000000 0.761775 0.000000 0.647841 0.346161 0.346161 0.346161
5679.663086 0.000000 1083.214966 0.000000 0.878488 0.000000 0.477764 0.361947 0.361947 0.361947
5693.611816 0.000000 1111.962769 0.000000 0.624067 0.000000 0.781371 0.326395 0.326395 0.326395
5680.918945 0.000000 1088.189331 0.000000 0.847660 0.000000 0.530540 0.362862 0.362862 0.362862
5668.759766 0.000000 1094.579346 0.000000 0.613854 0.000000 0.789419 0.336625 0.336625 0.336625
5685.519043 0.000000 1099.828491 0.000000 0.918808 0.000000 0.394704 0.369003 0.369003 0.369003
5668.575195 0.000000 1075.592163 0.000000 0.784738 0.000000 0.619828 0.356606 0.356606 0.356606
5676.352051 0.000000 1090.464233 0.000000 0.816134 0.000000 0.577862 0.358203 0.358203 0.358203
5657.283691 0.000000 1094.820923 0.000000 0.670327 0.000000 0.742066 0.312897 0.312897 0.312897
5693.125000 0.000000 1125.682373 0.000000 0.925949 0.000000 0.377648 0.331836 0.331836 0.331836
5679.135742 0.000000 1089.259277 0.000000 0.681828 0.000000 0.731512 0.337316 0.337316 0.337316
5672.756348 0.000000 1078.669678 0.000000 0.798980 0.000000 0.601357 0.347873 0.347873 0.347873
5688.708984 0.000000 1093.646606 0.000000 0.931926 0.000000 0.362649 0.376282 0.376282 0.376282
5684.078125 0.000000 1089.873779 0.000000 0.640767 0.000000 0.767736 0.344277 0.344277 0.344277
5665.699219 0.000000 1086.633423 0.000000 0.945324 0.000000 0.326132 0.376943 0.376943 0.376943
5669.508789 0.000000 1088.591431 0.000000 0.790354 0.000000 0.612651 0.351600 0.351600 0.351600
5686.485352 0.000000 1098.617310 0.000000 0.828674 0.000000 0.559732 0.360253 0.360253 0.360253
5669.604004 0.000000 1095.787109 0.000000 0.847336 0.000000 0.531057 0.361005 0.361005 0.361005
5681.824707 0.000000 1083.688599 0.000000 0.732176 0.000000 0.681115 0.342759 0.342759 0.342759
5689.187988 0.000000 1104.688477 0.000000 0.818039 0.000000 0.575162 0.353185 0.353185 0.353185
5679.484375 0.000000 1092.662231 0.000000 0.946051 0.000000 0.324017 0.374792 0.374792 0.374792
5684.887695 0.000000 1096.790161 0.000000 0.619314 0.000000 0.785143 0.331021 0.331021 0.331021
5701.464844 0.000000 1077.985107 0.000000 0.614664 0.000000 0.788789 0.332525 0.332525 0.332525
5704.614258 0.000000 1086.731934 0.000000 0.758256 0.000000 0.651957 0.317041 0.317041 0.317041
5700.248535 0.000000 1094.503052 0.000000 0.721270 0.000000 0.692654 0.332767 0.332767 0.332767
5696.043457 0.000000 1097.454224 0.000000 0.705559 0.000000 0.708651 0.339833 0.339833 0.339833
5696.049316 0.000000 1098.900635 0.000000 0.843195 0.000000 0.537608 0.356639 0.356639 0.356639
"}
object={
	name="rainforest_generator_1_2"
	clamp_to_water_level=no
	render_under_water=no
	generated_content=yes
	layer="semidynamic"
	pdxmesh="tree_rainforest_003_mesh"
	count=75
	transform="5659.131348 0.000000 1032.839966 0.000000 0.960963 0.000000 -0.276679 0.358758 0.358758 0.358758
5683.402344 0.000000 1070.686035 0.000000 0.986987 0.000000 0.160802 0.387662 0.387662 0.387662
5685.005371 0.000000 1068.913940 0.000000 0.960489 0.000000 0.278317 0.378454 0.378454 0.378454
5663.330566 0.000000 1049.139893 0.000000 0.986803 0.000000 -0.161928 0.394903 0.394903 0.394903
5663.888672 0.000000 1038.263062 0.000000 0.986908 0.000000 -0.161282 0.380639 0.380639 0.380639
5675.628906 0.000000 1057.109863 0.000000 0.952684 0.000000 -0.303961 0.400921 0.400921 0.400921
5687.432129 0.000000 1065.802490 0.000000 0.981165 0.000000 0.193171 0.385149 0.385149 0.385149
5672.388184 0.000000 1066.720337 0.000000 0.975699 0.000000 0.219117 0.383884 0.383884 0.383884
5682.861328 0.000000 1072.236206 0.000000 0.999962 0.000000 0.008684 0.399337 0.399337 0.399337
5692.027344 0.000000 1061.601196 0.000000 0.999921 0.000000 0.012598 0.399038 0.399038 0.399038
5688.412109 0.000000 1071.764893 0.000000 0.971451 0.000000 -0.237241 0.418239 0.418239 0.418239
5693.976074 0.000000 1057.404541 0.000000 0.964561 0.000000 0.263860 0.381801 0.381801 0.381801
5695.883789 0.000000 1055.458252 0.000000 0.969586 0.000000 0.244749 0.381111 0.381111 0.381111
5683.649902 0.000000 1069.340332 0.000000 0.969963 0.000000 -0.243253 0.418771 0.418771 0.418771
5678.953613 0.000000 1070.118286 0.000000 0.998578 0.000000 -0.053318 0.404075 0.404075 0.404075
5719.371094 0.000000 1059.732666 0.000000 0.995269 0.000000 0.097157 0.390568 0.390568 0.390568
5714.190430 0.000000 1026.240967 0.000000 0.967721 0.000000 -0.252023 0.418000 0.418000 0.418000
5702.395508 0.000000 1046.774414 0.000000 0.988779 0.000000 -0.149386 0.410482 0.410482 0.410482
5724.928223 0.000000 1034.598877 0.000000 0.994148 0.000000 -0.108022 0.407890 0.407890 0.407890
5715.894531 0.000000 1024.490479 0.000000 0.983154 0.000000 0.182780 0.359028 0.359028 0.359028
5719.935547 0.000000 1053.773926 0.000000 0.972923 0.000000 0.231129 0.375953 0.375953 0.375953
5720.077637 0.000000 1026.115234 0.000000 0.984884 0.000000 -0.173218 0.411301 0.411301 0.411301
5700.248535 0.000000 1038.018677 0.000000 0.955892 0.000000 0.293719 0.378342 0.378342 0.378342
5723.966309 0.000000 1026.331909 0.000000 0.997791 0.000000 -0.066425 0.382420 0.382420 0.382420
5696.850586 0.000000 1057.283447 0.000000 0.999679 0.000000 -0.025337 0.401898 0.401898 0.401898
5703.546875 0.000000 1048.023560 0.000000 0.980383 0.000000 0.197103 0.386280 0.386280 0.386280
5720.030273 0.000000 1030.023926 0.000000 0.999915 0.000000 -0.013006 0.400873 0.400873 0.400873
5713.267090 0.000000 1047.352539 0.000000 0.999819 0.000000 0.019009 0.398681 0.398681 0.398681
5711.354980 0.000000 1062.940796 0.000000 0.956222 0.000000 -0.292641 0.422688 0.422688 0.422688
5701.961426 0.000000 1067.351562 0.000000 0.993618 0.000000 -0.112799 0.407761 0.407761 0.407761
5709.681641 0.000000 1062.387695 0.000000 0.997432 0.000000 -0.071623 0.405476 0.405476 0.405476
5715.521973 0.000000 1048.494385 0.000000 0.999955 0.000000 -0.009526 0.400687 0.400687 0.400687
5716.063965 0.000000 1057.593018 0.000000 0.999109 0.000000 0.042214 0.396827 0.396827 0.396827
5706.666016 0.000000 1059.080322 0.000000 0.998792 0.000000 -0.049128 0.403755 0.403755 0.403755
5702.966309 0.000000 1064.588745 0.000000 0.992903 0.000000 -0.118925 0.409107 0.409107 0.409107
5690.544434 0.000000 1113.626221 0.000000 0.988872 0.000000 0.148771 0.360829 0.360829 0.360829
5688.065918 0.000000 1098.565674 0.000000 0.994003 0.000000 -0.109355 0.343004 0.343004 0.343004
5695.487305 0.000000 1103.430786 0.000000 0.997944 0.000000 -0.064089 0.377705 0.377705 0.377705
5669.432617 0.000000 1084.230225 0.000000 0.999986 0.000000 -0.005265 0.334109 0.334109 0.334109
5682.318359 0.000000 1073.409058 0.000000 0.996287 0.000000 0.086093 0.393415 0.393415 0.393415
5685.994141 0.000000 1094.489258 0.000000 0.982820 0.000000 0.184568 0.330535 0.330535 0.330535
5670.686523 0.000000 1073.508911 0.000000 0.998354 0.000000 -0.057355 0.403653 0.403653 0.403653
5674.673340 0.000000 1073.347046 0.000000 0.990047 0.000000 -0.140739 0.387766 0.387766 0.387766
5679.145508 0.000000 1091.350952 0.000000 0.970380 0.000000 0.241584 0.384406 0.384406 0.384406
5684.463867 0.000000 1088.284912 0.000000 0.957303 0.000000 0.289087 0.381330 0.381330 0.381330
5692.832520 0.000000 1105.524902 0.000000 0.992287 0.000000 -0.123964 0.404392 0.404392 0.404392
5687.819336 0.000000 1092.034058 0.000000 0.995185 0.000000 0.098018 0.376477 0.376477 0.376477
5680.746582 0.000000 1076.440796 0.000000 0.992011 0.000000 0.126148 0.390337 0.390337 0.390337
5690.504395 0.000000 1096.962036 0.000000 0.970779 0.000000 -0.239976 0.415791 0.415791 0.415791
5670.337891 0.000000 1086.939331 0.000000 0.998900 0.000000 -0.046888 0.403337 0.403337 0.403337
5677.942871 0.000000 1095.144043 0.000000 0.995621 0.000000 -0.093477 0.407152 0.407152 0.407152
5677.585449 0.000000 1083.636230 0.000000 0.953354 0.000000 -0.301854 0.413268 0.413268 0.413268
5675.960938 0.000000 1095.305420 0.000000 0.976011 0.000000 -0.217720 0.416767 0.416767 0.416767
5682.490723 0.000000 1095.992676 0.000000 0.993263 0.000000 -0.115882 0.408873 0.408873 0.408873
5682.425293 0.000000 1075.357544 0.000000 0.999556 0.000000 -0.029788 0.402172 0.402172 0.402172
5671.260742 0.000000 1094.807129 0.000000 0.995476 0.000000 0.095011 0.393396 0.393396 0.393396
5692.180664 0.000000 1107.305664 0.000000 0.996540 0.000000 0.083116 0.394100 0.394100 0.394100
5685.097168 0.000000 1074.988403 0.000000 0.982690 0.000000 -0.185259 0.413212 0.413212 0.413212
5672.687988 0.000000 1095.703735 0.000000 0.976529 0.000000 -0.215386 0.414525 0.414525 0.414525
5679.105469 0.000000 1076.764526 0.000000 0.985947 0.000000 0.167057 0.388560 0.388560 0.388560
5681.237305 0.000000 1086.409790 0.000000 0.989234 0.000000 -0.146344 0.410303 0.410303 0.410303
5685.071289 0.000000 1077.944458 0.000000 0.953794 0.000000 -0.300461 0.421028 0.421028 0.421028
5678.421387 0.000000 1082.250244 0.000000 0.999866 0.000000 0.016348 0.398751 0.398751 0.398751
5683.663574 0.000000 1074.371582 0.000000 0.965011 0.000000 0.262211 0.380659 0.380659 0.380659
5681.393555 0.000000 1097.033691 0.000000 0.993291 0.000000 0.115640 0.391638 0.391638 0.391638
5686.609375 0.000000 1101.051758 0.000000 0.989694 0.000000 -0.143200 0.410977 0.410977 0.410977
5685.096191 0.000000 1098.271606 0.000000 0.999295 0.000000 -0.037548 0.402869 0.402869 0.402869
5692.926270 0.000000 1077.046143 0.000000 0.997990 0.000000 -0.063374 0.404845 0.404845 0.404845
5695.314453 0.000000 1101.115967 0.000000 0.988692 0.000000 -0.149960 0.411500 0.411500 0.411500
5680.351074 0.000000 1082.111938 0.000000 0.998829 0.000000 -0.048384 0.403698 0.403698 0.403698
5697.017578 0.000000 1099.896240 0.000000 0.972909 0.000000 0.231189 0.382177 0.382177 0.382177
5703.434570 0.000000 1083.946655 0.000000 0.954163 0.000000 -0.299286 0.422006 0.422006 0.422006
5704.364746 0.000000 1073.659912 0.000000 0.977640 0.000000 0.210288 0.383814 0.383814 0.383814
5702.813965 0.000000 1094.967163 0.000000 0.970377 0.000000 -0.241598 0.418641 0.418641 0.418641
5701.597656 0.000000 1086.670776 0.000000 0.985177 0.000000 -0.171540 0.412180 0.412180 0.412180
"}
object={
	name="rainforest_generator_1_3"
	clamp_to_water_level=no
	render_under_water=no
	generated_content=yes
	layer="semidynamic"
	pdxmesh="tree_rainforest_004_mesh"
	count=90
	transform="5690.368164 0.000000 1068.644653 0.000000 0.900902 0.000000 -0.434022 0.347134 0.347134 0.347134
5683.456055 0.000000 1067.006958 0.000000 0.914847 0.000000 -0.403800 0.431755 0.431755 0.431755
5676.662598 0.000000 1067.298950 0.000000 0.943738 0.000000 -0.330693 0.424401 0.424401 0.424401
5674.009766 0.000000 1071.655396 0.000000 0.663751 0.000000 -0.747953 0.455480 0.455480 0.455480
5673.064941 0.000000 1068.424316 0.000000 0.776507 0.000000 -0.630108 0.365810 0.365810 0.365810
5671.591309 0.000000 1058.554810 0.000000 0.843945 0.000000 -0.536430 0.439721 0.439721 0.439721
5681.262695 0.000000 1071.279785 0.000000 0.947799 0.000000 -0.318870 0.424793 0.424793 0.424793
5682.394043 0.000000 1068.840576 0.000000 0.919198 0.000000 -0.393796 0.430921 0.430921 0.430921
5684.072754 0.000000 1065.221924 0.000000 0.680669 0.000000 -0.732591 0.462805 0.462805 0.462805
5672.728027 0.000000 1059.532349 0.000000 0.814407 0.000000 -0.580294 0.447295 0.447295 0.447295
5694.208984 0.000000 1053.379395 0.000000 0.856591 0.000000 -0.515997 0.441419 0.441419 0.441419
5684.601074 0.000000 1067.656372 0.000000 0.833955 0.000000 -0.551832 0.444657 0.444657 0.444657
5694.841797 0.000000 1071.250977 0.000000 0.786199 0.000000 -0.617973 0.450891 0.450891 0.450891
5682.249023 0.000000 1066.398804 0.000000 0.728201 0.000000 -0.685364 0.457686 0.457686 0.457686
5716.569336 0.000000 1022.105225 0.000000 0.895315 0.000000 -0.445433 0.424123 0.424123 0.424123
5723.932617 0.000000 1036.988403 0.000000 0.946260 0.000000 -0.323407 0.352286 0.352286 0.352286
5725.020508 0.000000 1029.549072 0.000000 0.938335 0.000000 -0.345729 0.394619 0.394619 0.394619
5696.894531 0.000000 1047.018921 0.000000 0.852980 0.000000 -0.521943 0.358945 0.358945 0.358945
5721.706543 0.000000 1030.358154 0.000000 0.910267 0.000000 -0.414023 0.428667 0.428667 0.428667
5720.535645 0.000000 1033.073730 0.000000 0.611140 0.000000 -0.791522 0.432634 0.432634 0.432634
5715.362793 0.000000 1044.706543 0.000000 0.900779 0.000000 -0.434278 0.376593 0.376593 0.376593
5722.165527 0.000000 1024.976562 0.000000 0.854272 0.000000 -0.519826 0.437940 0.437940 0.437940
5724.979980 0.000000 1031.997925 0.000000 0.921899 0.000000 -0.387430 0.425625 0.425625 0.425625
5704.722168 0.000000 1049.237793 0.000000 0.767952 0.000000 -0.640508 0.452239 0.452239 0.452239
5701.832520 0.000000 1048.584473 0.000000 0.774102 0.000000 -0.633061 0.452368 0.452368 0.452368
5717.609863 0.000000 1049.367798 0.000000 0.852255 0.000000 -0.523126 0.429629 0.429629 0.429629
5715.070801 0.000000 1060.086548 0.000000 0.903358 0.000000 -0.428887 0.433863 0.433863 0.433863
5715.935547 0.000000 1026.477173 0.000000 0.890462 0.000000 -0.455059 0.433379 0.433379 0.433379
5711.736328 0.000000 1047.479980 0.000000 0.934314 0.000000 -0.356451 0.426569 0.426569 0.426569
5707.256348 0.000000 1069.752075 0.000000 0.658875 0.000000 -0.752253 0.465048 0.465048 0.465048
5711.974609 0.000000 1050.278687 0.000000 0.602649 0.000000 -0.798007 0.470587 0.470587 0.470587
5702.562500 0.000000 1060.140747 0.000000 0.824615 0.000000 -0.565694 0.445934 0.445934 0.445934
5711.453125 0.000000 1065.693970 0.000000 0.802530 0.000000 -0.596612 0.448837 0.448837 0.448837
5722.692383 0.000000 1029.169678 0.000000 0.673604 0.000000 -0.739093 0.457725 0.457725 0.457725
5707.735352 0.000000 1060.772095 0.000000 0.805614 0.000000 -0.592441 0.448441 0.448441 0.448441
5714.425781 0.000000 1065.570923 0.000000 0.880242 0.000000 -0.474525 0.435179 0.435179 0.435179
5699.452637 0.000000 1056.691284 0.000000 0.612273 0.000000 -0.790647 0.468523 0.468523 0.468523
5697.626465 0.000000 1071.636108 0.000000 0.691531 0.000000 -0.722347 0.461665 0.461665 0.461665
5708.607910 0.000000 1053.654419 0.000000 0.936192 0.000000 -0.351489 0.427438 0.427438 0.427438
5697.280273 0.000000 1050.568115 0.000000 0.923464 0.000000 -0.383685 0.430083 0.430083 0.430083
5709.763672 0.000000 1071.356934 0.000000 0.879776 0.000000 -0.475388 0.437599 0.437599 0.437599
5699.621094 0.000000 1053.806763 0.000000 0.651695 0.000000 -0.758481 0.465774 0.465774 0.465774
5717.230957 0.000000 1055.231201 0.000000 0.693918 0.000000 -0.720055 0.459606 0.459606 0.459606
5696.328125 0.000000 1065.187134 0.000000 0.743123 0.000000 -0.669155 0.456003 0.456003 0.456003
5703.662109 0.000000 1053.443970 0.000000 0.931154 0.000000 -0.364625 0.428513 0.428513 0.428513
5700.993652 0.000000 1040.901855 0.000000 0.933758 0.000000 -0.357906 0.427962 0.427962 0.427962
5706.112793 0.000000 1053.875610 0.000000 0.748147 0.000000 -0.663533 0.455427 0.455427 0.455427
5709.796875 0.000000 1055.731567 0.000000 0.865331 0.000000 -0.501201 0.440106 0.440106 0.440106
5681.519043 0.000000 1079.532715 0.000000 0.907796 0.000000 -0.419411 0.433063 0.433063 0.433063
5662.530273 0.000000 1096.663208 0.000000 0.699580 0.000000 -0.714554 0.381823 0.381823 0.381823
5693.292480 0.000000 1085.762085 0.000000 0.602860 0.000000 -0.797847 0.378837 0.378837 0.378837
5693.212891 0.000000 1098.594849 0.000000 0.941312 0.000000 -0.337537 0.387864 0.387864 0.387864
5676.083496 0.000000 1093.264160 0.000000 0.810235 0.000000 -0.586105 0.447841 0.447841 0.447841
5686.381836 0.000000 1102.530762 0.000000 0.839280 0.000000 -0.543699 0.417544 0.417544 0.417544
5693.507812 0.000000 1122.979858 0.000000 0.907998 0.000000 -0.418974 0.429033 0.429033 0.429033
5678.042969 0.000000 1079.057739 0.000000 0.601327 0.000000 -0.799003 0.470713 0.470713 0.470713
5683.016113 0.000000 1094.054199 0.000000 0.705423 0.000000 -0.708786 0.460182 0.460182 0.460182
5690.637207 0.000000 1100.136841 0.000000 0.633409 0.000000 -0.773817 0.467597 0.467597 0.467597
5679.447754 0.000000 1085.888794 0.000000 0.873963 0.000000 -0.485992 0.438770 0.438770 0.438770
5685.428223 0.000000 1091.044312 0.000000 0.690459 0.000000 -0.723371 0.416610 0.416610 0.416610
5688.346680 0.000000 1095.404053 0.000000 0.810649 0.000000 -0.585533 0.398572 0.398572 0.398572
5695.697754 0.000000 1117.927246 0.000000 0.604387 0.000000 -0.796691 0.409392 0.409392 0.409392
5694.994629 0.000000 1120.826904 0.000000 0.605516 0.000000 -0.795833 0.421137 0.421137 0.421137
5680.587891 0.000000 1093.456421 0.000000 0.756647 0.000000 -0.653824 0.452840 0.452840 0.452840
5679.645996 0.000000 1080.901123 0.000000 0.663320 0.000000 -0.748336 0.464595 0.464595 0.464595
5686.255859 0.000000 1081.963135 0.000000 0.679472 0.000000 -0.733701 0.410209 0.410209 0.410209
5671.465820 0.000000 1083.088867 0.000000 0.838694 0.000000 -0.544603 0.394676 0.394676 0.394676
5672.688965 0.000000 1097.603638 0.000000 0.870478 0.000000 -0.492207 0.398147 0.398147 0.398147
5694.970703 0.000000 1095.859131 0.000000 0.837008 0.000000 -0.547190 0.417784 0.417784 0.417784
5676.016602 0.000000 1074.951782 0.000000 0.883305 0.000000 -0.468799 0.431306 0.431306 0.431306
5689.814453 0.000000 1092.045532 0.000000 0.662770 0.000000 -0.748823 0.454087 0.454087 0.454087
5685.929688 0.000000 1089.273804 0.000000 0.625239 0.000000 -0.780433 0.457000 0.457000 0.457000
5674.415039 0.000000 1092.821289 0.000000 0.725980 0.000000 -0.687716 0.457933 0.457933 0.457933
5682.132324 0.000000 1092.624268 0.000000 0.834512 0.000000 -0.550990 0.444289 0.444289 0.444289
5694.038574 0.000000 1097.186401 0.000000 0.754974 0.000000 -0.655755 0.454636 0.454636 0.454636
5690.082520 0.000000 1077.427612 0.000000 0.683867 0.000000 -0.729606 0.456347 0.456347 0.456347
5687.848633 0.000000 1073.266235 0.000000 0.776227 0.000000 -0.630454 0.448024 0.448024 0.448024
5674.712402 0.000000 1094.421509 0.000000 0.697156 0.000000 -0.716919 0.461068 0.461068 0.461068
5681.542480 0.000000 1094.631836 0.000000 0.737034 0.000000 -0.675856 0.456694 0.456694 0.456694
5671.789551 0.000000 1087.140503 0.000000 0.670595 0.000000 -0.741824 0.459468 0.459468 0.459468
5664.240234 0.000000 1087.172974 0.000000 0.592853 0.000000 -0.805311 0.464976 0.464976 0.464976
5679.546387 0.000000 1079.550537 0.000000 0.636843 0.000000 -0.770994 0.467258 0.467258 0.467258
5682.572266 0.000000 1097.917847 0.000000 0.941298 0.000000 -0.337577 0.426306 0.426306 0.426306
5679.249023 0.000000 1095.940430 0.000000 0.712688 0.000000 -0.701481 0.459395 0.459395 0.459395
5699.837402 0.000000 1096.765259 0.000000 0.797419 0.000000 -0.603426 0.449488 0.449488 0.449488
5696.936035 0.000000 1095.812622 0.000000 0.905991 0.000000 -0.423296 0.433390 0.433390 0.433390
5699.820801 0.000000 1087.008545 0.000000 0.668776 0.000000 -0.743464 0.421105 0.421105 0.421105
5706.618164 0.000000 1086.747559 0.000000 0.946468 0.000000 -0.322798 0.397046 0.397046 0.397046
5709.322266 0.000000 1077.799927 0.000000 0.859269 0.000000 -0.511524 0.441020 0.441020 0.441020
5701.475098 0.000000 1081.479370 0.000000 0.635560 0.000000 -0.772051 0.467385 0.467385 0.467385
"}
object={
	name="rainforest_generator_1_4"
	clamp_to_water_level=no
	render_under_water=no
	generated_content=yes
	layer="semidynamic"
	pdxmesh="tree_rainforest_005_mesh"
	count=67
	transform="5680.205566 0.000000 1073.177490 0.000000 0.026454 0.000000 -0.999650 0.517979 0.517979 0.517979
5665.641602 0.000000 1034.797363 0.000000 0.095006 0.000000 -0.995477 0.449088 0.449088 0.449088
5671.778320 0.000000 1072.553711 0.000000 0.105846 0.000000 -0.994383 0.493249 0.493249 0.493249
5671.167969 0.000000 1065.188721 0.000000 0.391265 0.000000 -0.920278 0.448686 0.448686 0.448686
5672.389160 0.000000 1070.349121 0.000000 0.430037 0.000000 -0.902811 0.451001 0.451001 0.451001
5692.104492 0.000000 1070.372437 0.000000 0.451156 0.000000 -0.892445 0.484243 0.484243 0.484243
5686.238281 0.000000 1073.080811 0.000000 0.108712 0.000000 -0.994073 0.502919 0.502919 0.502919
5694.281738 0.000000 1069.786255 0.000000 0.065344 0.000000 -0.997863 0.515005 0.515005 0.515005
5693.145996 0.000000 1058.397949 0.000000 0.436900 0.000000 -0.899510 0.485458 0.485458 0.485458
5680.896973 0.000000 1064.329224 0.000000 0.151007 0.000000 -0.988533 0.508420 0.508420 0.508420
5689.671875 0.000000 1071.590088 0.000000 0.432423 0.000000 -0.901671 0.485558 0.485558 0.485558
5722.122559 0.000000 1027.527100 0.000000 0.062426 0.000000 -0.998050 0.462850 0.462850 0.462850
5721.237793 0.000000 1022.877625 0.000000 0.555369 0.000000 -0.831604 0.368176 0.368176 0.368176
5724.431641 0.000000 1024.226562 0.000000 0.184806 0.000000 -0.982775 0.421190 0.421190 0.421190
5723.635742 0.000000 1039.769165 0.000000 0.125767 0.000000 -0.992060 0.510367 0.510367 0.510367
5718.782715 0.000000 1024.022095 0.000000 0.470824 0.000000 -0.882227 0.472568 0.472568 0.472568
5723.877441 0.000000 1028.209595 0.000000 0.521149 0.000000 -0.853466 0.470973 0.470973 0.470973
5706.416504 0.000000 1048.402954 0.000000 0.385351 0.000000 -0.922770 0.489779 0.489779 0.489779
5707.461426 0.000000 1044.313232 0.000000 0.107457 0.000000 -0.994210 0.501547 0.501547 0.501547
5707.049316 0.000000 1066.599609 0.000000 0.370684 0.000000 -0.928759 0.490990 0.490990 0.490990
5704.986816 0.000000 1071.426758 0.000000 0.294479 0.000000 -0.955658 0.495260 0.495260 0.495260
5705.912598 0.000000 1045.820923 0.000000 0.292906 0.000000 -0.956141 0.497291 0.497291 0.497291
5705.880371 0.000000 1050.237305 0.000000 0.267127 0.000000 -0.963661 0.499342 0.499342 0.499342
5716.841797 0.000000 1051.284912 0.000000 0.543315 0.000000 -0.839529 0.468658 0.468658 0.468658
5711.217285 0.000000 1048.867310 0.000000 0.259013 0.000000 -0.965874 0.499985 0.499985 0.499985
5702.267578 0.000000 1041.158813 0.000000 0.121292 0.000000 -0.992617 0.499857 0.499857 0.499857
5702.382324 0.000000 1053.718750 0.000000 0.334126 0.000000 -0.942528 0.493974 0.493974 0.493974
5710.835449 0.000000 1046.359375 0.000000 0.551640 0.000000 -0.834083 0.471913 0.471913 0.471913
5708.164062 0.000000 1052.228394 0.000000 0.463681 0.000000 -0.886002 0.483167 0.483167 0.483167
5698.875977 0.000000 1049.305542 0.000000 0.523145 0.000000 -0.852243 0.477942 0.477942 0.477942
5703.386719 0.000000 1061.934326 0.000000 0.366680 0.000000 -0.930347 0.491319 0.491319 0.491319
5696.098633 0.000000 1052.781372 0.000000 0.060803 0.000000 -0.998150 0.515352 0.515352 0.515352
5701.597168 0.000000 1043.605469 0.000000 0.133775 0.000000 -0.991012 0.509750 0.509750 0.509750
5710.365723 0.000000 1059.716064 0.000000 0.111447 0.000000 -0.993770 0.511468 0.511468 0.511468
5695.958008 0.000000 1094.102173 0.000000 0.027306 0.000000 -0.999627 0.473539 0.473539 0.473539
5688.550781 0.000000 1106.062256 0.000000 0.368822 0.000000 -0.929500 0.448465 0.448465 0.448465
5668.045898 0.000000 1078.478027 0.000000 0.298390 0.000000 -0.954444 0.441308 0.441308 0.441308
5688.315430 0.000000 1110.212158 0.000000 0.560663 0.000000 -0.828044 0.424086 0.424086 0.424086
5694.624512 0.000000 1082.023315 0.000000 0.394321 0.000000 -0.918973 0.383022 0.383022 0.383022
5670.889160 0.000000 1096.642700 0.000000 0.577459 0.000000 -0.816419 0.469394 0.469394 0.469394
5693.032715 0.000000 1095.391235 0.000000 0.184120 0.000000 -0.982904 0.503086 0.503086 0.503086
5662.952637 0.000000 1092.715454 0.000000 0.275752 0.000000 -0.961229 0.485761 0.485761 0.485761
5659.635742 0.000000 1096.253540 0.000000 0.229131 0.000000 -0.973396 0.488292 0.488292 0.488292
5679.339355 0.000000 1073.449097 0.000000 0.053820 0.000000 -0.998551 0.477234 0.477234 0.477234
5688.742188 0.000000 1103.097046 0.000000 0.389179 0.000000 -0.921162 0.489462 0.489462 0.489462
5695.510742 0.000000 1097.939819 0.000000 0.199316 0.000000 -0.979935 0.504671 0.504671 0.504671
5692.008301 0.000000 1115.480347 0.000000 0.324029 0.000000 -0.946047 0.427033 0.427033 0.427033
5695.163574 0.000000 1105.877686 0.000000 0.181300 0.000000 -0.983428 0.466267 0.466267 0.466267
5688.096680 0.000000 1100.847046 0.000000 0.587357 0.000000 -0.809328 0.472040 0.472040 0.472040
5679.882812 0.000000 1078.226807 0.000000 0.135069 0.000000 -0.990836 0.509650 0.509650 0.509650
5667.093262 0.000000 1095.579224 0.000000 0.353334 0.000000 -0.935497 0.486674 0.486674 0.486674
5674.257812 0.000000 1075.465576 0.000000 0.123734 0.000000 -0.992315 0.493547 0.493547 0.493547
5680.943848 0.000000 1084.791626 0.000000 0.154772 0.000000 -0.987950 0.508129 0.508129 0.508129
5682.999023 0.000000 1080.545898 0.000000 0.370284 0.000000 -0.928919 0.491022 0.491022 0.491022
5689.864746 0.000000 1101.794312 0.000000 0.457634 0.000000 -0.889140 0.483687 0.483687 0.483687
5679.029785 0.000000 1087.446655 0.000000 0.094882 0.000000 -0.995489 0.512741 0.512741 0.512741
5679.392090 0.000000 1094.483276 0.000000 0.219356 0.000000 -0.975645 0.503105 0.503105 0.503105
5676.188965 0.000000 1078.224243 0.000000 0.235208 0.000000 -0.971945 0.495537 0.495537 0.495537
5678.908691 0.000000 1084.512573 0.000000 0.057187 0.000000 -0.998363 0.515629 0.515629 0.515629
5694.025391 0.000000 1076.331177 0.000000 0.443146 0.000000 -0.896450 0.484927 0.484927 0.484927
5696.597656 0.000000 1093.670410 0.000000 0.075365 0.000000 -0.997156 0.491681 0.491681 0.491681
5699.095703 0.000000 1088.653198 0.000000 0.171076 0.000000 -0.985258 0.470263 0.470263 0.470263
5698.681152 0.000000 1095.421631 0.000000 0.383763 0.000000 -0.923432 0.477276 0.477276 0.477276
5715.350098 0.000000 1075.557007 0.000000 0.394510 0.000000 -0.918892 0.489019 0.489019 0.489019
5696.016113 0.000000 1081.855713 0.000000 0.442182 0.000000 -0.896925 0.485009 0.485009 0.485009
5705.352539 0.000000 1074.812744 0.000000 0.462995 0.000000 -0.886361 0.483226 0.483226 0.483226
5709.299805 0.000000 1084.669800 0.000000 0.346611 0.000000 -0.938009 0.487188 0.487188 0.487188
"}
