object={
	name="savanna_tree_generator_1_0"
	clamp_to_water_level=no
	render_under_water=no
	generated_content=yes
	layer="semidynamic"
	pdxmesh="tree_savanna_001_mesh"
	count=67
	transform="5652.968750 0.000000 1294.781372 0.000000 0.344549 0.000000 0.938768 0.191783 0.191783 0.191783
5690.368164 0.000000 1294.582153 0.000000 0.074070 0.000000 0.997253 0.186134 0.186134 0.186134
5679.722656 0.000000 1286.975952 0.000000 0.263374 0.000000 0.964694 0.190720 0.190720 0.190720
5717.705078 0.000000 1269.523926 0.000000 0.650660 0.000000 0.759369 0.194187 0.194187 0.194187
5697.318848 0.000000 1281.544678 0.000000 0.522428 0.000000 0.852683 0.192862 0.192862 0.192862
5724.793945 0.000000 1245.498047 0.000000 0.361265 0.000000 0.932463 0.192053 0.192053 0.192053
5744.205566 0.000000 1299.114990 0.000000 0.130755 0.000000 0.991415 0.188678 0.188678 0.188678
5752.065918 0.000000 1268.018799 0.000000 0.138414 0.000000 0.990374 0.186773 0.186773 0.186773
5714.127930 0.000000 1255.932251 0.000000 0.366919 0.000000 0.930253 0.191646 0.191646 0.191646
5759.958008 0.000000 1263.555298 0.000000 0.526315 0.000000 0.850290 0.191118 0.191118 0.191118
5710.007324 0.000000 1273.546509 0.000000 0.465063 0.000000 0.885278 0.192129 0.192129 0.192129
5746.842773 0.000000 1260.526245 0.000000 0.595569 0.000000 0.803304 0.214998 0.214998 0.214998
5740.083496 0.000000 1262.717285 0.000000 0.196472 0.000000 0.980510 0.197683 0.197683 0.197683
5757.524414 0.000000 1259.725952 0.000000 0.085870 0.000000 0.996306 0.188803 0.188803 0.188803
5743.145508 0.000000 1260.804077 0.000000 0.087545 0.000000 0.996161 0.201317 0.201317 0.201317
5748.463867 0.000000 1257.738037 0.000000 0.181515 0.000000 0.983388 0.214895 0.214895 0.214895
5751.819336 0.000000 1261.487183 0.000000 0.428169 0.000000 0.903699 0.214783 0.214783 0.214783
5677.516602 0.000000 1313.873901 0.000000 0.412074 0.000000 0.911150 0.208381 0.208381 0.208381
5681.519043 0.000000 1305.470215 0.000000 0.308402 0.000000 0.951256 0.209424 0.209424 0.209424
5695.487305 0.000000 1329.368286 0.000000 0.698118 0.000000 0.715983 0.221693 0.221693 0.221693
5669.432617 0.000000 1310.167725 0.000000 0.507829 0.000000 0.861458 0.192225 0.192225 0.192225
5686.816895 0.000000 1300.391357 0.000000 0.569675 0.000000 0.821870 0.247429 0.247429 0.247429
5687.531250 0.000000 1309.744263 0.000000 0.394272 0.000000 0.918994 0.309087 0.309087 0.309087
5672.763184 0.000000 1314.262817 0.000000 0.635190 0.000000 0.772356 0.200666 0.200666 0.200666
5693.524414 0.000000 1316.210327 0.000000 0.331304 0.000000 0.943524 0.316880 0.316880 0.316880
5688.315430 0.000000 1336.149658 0.000000 0.070656 0.000000 0.997501 0.193684 0.193684 0.193684
5677.375000 0.000000 1324.062256 0.000000 0.657170 0.000000 0.753742 0.248239 0.248239 0.248239
5679.663086 0.000000 1309.152466 0.000000 0.472288 0.000000 0.881445 0.214648 0.214648 0.214648
5680.918945 0.000000 1314.126831 0.000000 0.610681 0.000000 0.791877 0.238888 0.238888 0.238888
5684.463867 0.000000 1314.222412 0.000000 0.441629 0.000000 0.897198 0.282481 0.282481 0.282481
5679.537109 0.000000 1326.269043 0.000000 0.415661 0.000000 0.909520 0.252162 0.252162 0.252162
5690.462402 0.000000 1316.210693 0.000000 0.423352 0.000000 0.905965 0.327546 0.327546 0.327546
5687.819336 0.000000 1317.971558 0.000000 0.466542 0.000000 0.884499 0.298396 0.298396 0.298396
5676.127930 0.000000 1326.581909 0.000000 0.118837 0.000000 0.992914 0.233807 0.233807 0.233807
5681.394043 0.000000 1324.470337 0.000000 0.119730 0.000000 0.992806 0.244003 0.244003 0.244003
5693.638184 0.000000 1318.863892 0.000000 0.359134 0.000000 0.933286 0.315373 0.315373 0.315373
5686.158691 0.000000 1331.200439 0.000000 0.228046 0.000000 0.973650 0.241661 0.241661 0.241661
5686.180664 0.000000 1322.990845 0.000000 0.318260 0.000000 0.948004 0.253980 0.253980 0.253980
5692.727539 0.000000 1301.635132 0.000000 0.084873 0.000000 0.996392 0.263863 0.263863 0.263863
5695.273438 0.000000 1310.531738 0.000000 0.566753 0.000000 0.823888 0.326032 0.326032 0.326032
5688.246582 0.000000 1301.997559 0.000000 0.597145 0.000000 0.802133 0.264575 0.264575 0.264575
5692.271484 0.000000 1307.653931 0.000000 0.508981 0.000000 0.860778 0.326489 0.326489 0.326489
5689.360352 0.000000 1310.397339 0.000000 0.217299 0.000000 0.976105 0.308883 0.308883 0.308883
5697.451172 0.000000 1311.316284 0.000000 0.532466 0.000000 0.846452 0.322896 0.322896 0.322896
5717.705078 0.000000 1326.008301 0.000000 0.297299 0.000000 0.954785 0.189229 0.189229 0.189229
5704.407715 0.000000 1306.953003 0.000000 0.275053 0.000000 0.961429 0.252707 0.252707 0.252707
5697.017578 0.000000 1325.833740 0.000000 0.624515 0.000000 0.781013 0.249031 0.249031 0.249031
5696.098633 0.000000 1306.089600 0.000000 0.452314 0.000000 0.891859 0.325206 0.325206 0.325206
5713.256836 0.000000 1333.855469 0.000000 0.357124 0.000000 0.934057 0.213608 0.213608 0.213608
5707.929688 0.000000 1311.146484 0.000000 0.624635 0.000000 0.780917 0.248152 0.248152 0.248152
5702.330566 0.000000 1311.237427 0.000000 0.256592 0.000000 0.966520 0.288855 0.288855 0.288855
5706.351562 0.000000 1320.019531 0.000000 0.653357 0.000000 0.757050 0.237301 0.237301 0.237301
5701.119141 0.000000 1315.574829 0.000000 0.238386 0.000000 0.971171 0.305101 0.305101 0.305101
5696.514160 0.000000 1315.221436 0.000000 0.703967 0.000000 0.710233 0.343605 0.343605 0.343605
5699.837402 0.000000 1322.702759 0.000000 0.680091 0.000000 0.733128 0.270311 0.270311 0.270311
5707.941895 0.000000 1340.944702 0.000000 0.183576 0.000000 0.983006 0.193258 0.193258 0.193258
5709.506836 0.000000 1334.955078 0.000000 0.471993 0.000000 0.881602 0.221687 0.221687 0.221687
5700.755371 0.000000 1327.013306 0.000000 0.592320 0.000000 0.805703 0.230389 0.230389 0.230389
5707.486816 0.000000 1307.700195 0.000000 0.685835 0.000000 0.727757 0.235404 0.235404 0.235404
5704.667480 0.000000 1303.919800 0.000000 0.210395 0.000000 0.977616 0.223425 0.223425 0.223425
5708.112305 0.000000 1314.047363 0.000000 0.076088 0.000000 0.997101 0.210008 0.210008 0.210008
5709.099609 0.000000 1318.917236 0.000000 0.031405 0.000000 0.999507 0.211656 0.211656 0.211656
5702.363770 0.000000 1308.653320 0.000000 0.249194 0.000000 0.968454 0.284629 0.284629 0.284629
5698.944824 0.000000 1316.536621 0.000000 0.378644 0.000000 0.925542 0.320381 0.320381 0.320381
5700.602051 0.000000 1301.746460 0.000000 0.026586 0.000000 0.999647 0.238075 0.238075 0.238075
5702.475098 0.000000 1313.731323 0.000000 0.009298 0.000000 0.999957 0.278583 0.278583 0.278583
5700.035156 0.000000 1305.360352 0.000000 0.579183 0.000000 0.815198 0.297333 0.297333 0.297333
"}
object={
	name="savanna_tree_generator_1_1"
	clamp_to_water_level=no
	render_under_water=no
	generated_content=yes
	layer="semidynamic"
	pdxmesh="tree_savanna_002_mesh"
	count=68
	transform="5716.968750 0.000000 1238.296997 0.000000 0.774058 0.000000 0.633115 0.195122 0.195122 0.195122
5690.544434 0.000000 1283.079346 0.000000 0.859869 0.000000 0.510514 0.196255 0.196255 0.196255
5669.982422 0.000000 1292.918091 0.000000 0.807133 0.000000 0.590370 0.195507 0.195507 0.195507
5695.586426 0.000000 1296.090820 0.000000 0.806920 0.000000 0.590660 0.227230 0.227230 0.227230
5686.864258 0.000000 1297.654907 0.000000 0.898993 0.000000 0.437964 0.203450 0.203450 0.203450
5691.981445 0.000000 1297.875488 0.000000 0.976916 0.000000 0.213624 0.226513 0.226513 0.226513
5734.230957 0.000000 1281.185303 0.000000 0.960206 0.000000 0.279294 0.197385 0.197385 0.197385
5751.638184 0.000000 1258.399658 0.000000 0.994270 0.000000 0.106901 0.230305 0.230305 0.230305
5759.487305 0.000000 1272.883911 0.000000 0.870055 0.000000 0.492954 0.204816 0.204816 0.204816
5734.893555 0.000000 1262.103638 0.000000 0.731088 0.000000 0.682284 0.192970 0.192970 0.192970
5740.760254 0.000000 1281.161377 0.000000 0.899131 0.000000 0.437679 0.195815 0.195815 0.195815
5737.260742 0.000000 1286.878418 0.000000 0.724874 0.000000 0.688881 0.195202 0.195202 0.195202
5746.789551 0.000000 1254.743530 0.000000 0.808587 0.000000 0.588377 0.210510 0.210510 0.210510
5754.511719 0.000000 1263.166260 0.000000 0.902113 0.000000 0.431499 0.226174 0.226174 0.226174
5757.212891 0.000000 1268.047974 0.000000 0.995635 0.000000 0.093334 0.202970 0.202970 0.202970
5731.991211 0.000000 1258.382690 0.000000 0.856006 0.000000 0.516966 0.194914 0.194914 0.194914
5750.173828 0.000000 1248.840454 0.000000 0.866461 0.000000 0.499245 0.199623 0.199623 0.199623
5749.994141 0.000000 1263.942383 0.000000 0.947738 0.000000 0.319050 0.219639 0.219639 0.219639
5744.918945 0.000000 1257.642456 0.000000 0.925596 0.000000 0.378512 0.228103 0.228103 0.228103
5690.544434 0.000000 1339.563721 0.000000 0.887585 0.000000 0.460645 0.196176 0.196176 0.196176
5693.512207 0.000000 1299.166748 0.000000 0.939859 0.000000 0.341562 0.269045 0.269045 0.269045
5664.032227 0.000000 1336.078491 0.000000 0.745214 0.000000 0.666825 0.194169 0.194169 0.194169
5693.292480 0.000000 1311.699585 0.000000 0.964976 0.000000 0.262337 0.379722 0.379722 0.379722
5676.062988 0.000000 1308.129761 0.000000 0.914743 0.000000 0.404036 0.209061 0.209061 0.209061
5682.842773 0.000000 1317.010620 0.000000 0.999520 0.000000 0.030967 0.280422 0.280422 0.280422
5693.212891 0.000000 1324.532349 0.000000 0.853649 0.000000 0.520848 0.260115 0.260115 0.260115
5682.318359 0.000000 1299.346558 0.000000 0.873001 0.000000 0.487718 0.197707 0.197707 0.197707
5677.311035 0.000000 1333.490479 0.000000 0.986344 0.000000 0.164697 0.218563 0.218563 0.218563
5686.381836 0.000000 1328.468262 0.000000 0.789732 0.000000 0.613452 0.258329 0.258329 0.258329
5694.624512 0.000000 1307.960815 0.000000 0.999295 0.000000 0.037542 0.397328 0.397328 0.397328
5683.863281 0.000000 1323.513306 0.000000 0.953861 0.000000 0.300250 0.259764 0.259764 0.259764
5674.288574 0.000000 1322.288452 0.000000 0.800548 0.000000 0.599268 0.234833 0.234833 0.234833
5683.759277 0.000000 1330.505493 0.000000 0.980261 0.000000 0.197710 0.258955 0.258955 0.258955
5691.100586 0.000000 1309.233398 0.000000 0.954933 0.000000 0.296821 0.377730 0.377730 0.377730
5683.016113 0.000000 1319.991699 0.000000 0.973830 0.000000 0.227279 0.267834 0.267834 0.267834
5690.631836 0.000000 1334.277100 0.000000 0.889126 0.000000 0.457662 0.226740 0.226740 0.226740
5690.637207 0.000000 1326.074341 0.000000 0.955402 0.000000 0.295308 0.249440 0.249440 0.249440
5692.013184 0.000000 1314.005371 0.000000 0.999726 0.000000 0.023404 0.398282 0.398282 0.398282
5688.473633 0.000000 1307.271362 0.000000 0.792479 0.000000 0.609899 0.348099 0.348099 0.348099
5689.460938 0.000000 1299.243896 0.000000 0.981961 0.000000 0.189082 0.251641 0.251641 0.251641
5677.942871 0.000000 1321.081543 0.000000 0.968245 0.000000 0.250004 0.252501 0.252501 0.252501
5685.428223 0.000000 1316.981812 0.000000 0.847499 0.000000 0.530796 0.292339 0.292339 0.292339
5695.814453 0.000000 1317.585327 0.000000 0.983615 0.000000 0.180284 0.387645 0.387645 0.387645
5695.510742 0.000000 1323.877319 0.000000 0.913110 0.000000 0.407713 0.295140 0.295140 0.295140
5694.948242 0.000000 1301.294800 0.000000 0.979540 0.000000 0.201249 0.310883 0.310883 0.310883
5691.739258 0.000000 1303.647217 0.000000 0.951648 0.000000 0.307190 0.331244 0.331244 0.331244
5687.794922 0.000000 1312.146851 0.000000 0.974288 0.000000 0.225305 0.361915 0.361915 0.361915
5686.255859 0.000000 1307.900635 0.000000 0.851404 0.000000 0.524510 0.328866 0.328866 0.328866
5689.678223 0.000000 1314.262207 0.000000 0.917193 0.000000 0.398443 0.371072 0.371072 0.371072
5686.302246 0.000000 1313.428101 0.000000 0.972684 0.000000 0.232134 0.361535 0.361535 0.361535
5695.825195 0.000000 1312.393311 0.000000 0.739929 0.000000 0.672685 0.343634 0.343634 0.343634
5697.318848 0.000000 1338.029053 0.000000 0.992867 0.000000 0.119231 0.199060 0.199060 0.199060
5710.007324 0.000000 1330.030884 0.000000 0.925272 0.000000 0.379304 0.224984 0.224984 0.224984
5711.272949 0.000000 1321.059204 0.000000 0.782724 0.000000 0.622370 0.206020 0.206020 0.206020
5700.032715 0.000000 1330.752197 0.000000 0.923264 0.000000 0.384167 0.223870 0.223870 0.223870
5730.900879 0.000000 1299.205322 0.000000 0.785732 0.000000 0.618567 0.194839 0.194839 0.194839
5708.552734 0.000000 1325.334717 0.000000 0.903418 0.000000 0.428761 0.236421 0.236421 0.236421
5700.763672 0.000000 1335.332886 0.000000 0.781864 0.000000 0.623449 0.200055 0.200055 0.200055
5696.894531 0.000000 1329.440796 0.000000 0.819602 0.000000 0.572934 0.224633 0.224633 0.224633
5705.084961 0.000000 1309.958496 0.000000 0.709994 0.000000 0.704207 0.276856 0.276856 0.276856
5697.451660 0.000000 1308.533081 0.000000 0.952300 0.000000 0.305164 0.376929 0.376929 0.376929
5707.616211 0.000000 1328.481812 0.000000 0.999760 0.000000 0.021916 0.238293 0.238293 0.238293
5704.614258 0.000000 1312.669434 0.000000 0.991036 0.000000 0.133593 0.306900 0.306900 0.306900
5703.408691 0.000000 1316.978149 0.000000 0.990312 0.000000 0.138858 0.326058 0.326058 0.326058
5699.913086 0.000000 1310.077148 0.000000 0.909516 0.000000 0.415669 0.369713 0.369713 0.369713
5707.442871 0.000000 1316.949219 0.000000 0.923247 0.000000 0.384207 0.253667 0.253667 0.253667
5698.069824 0.000000 1323.962280 0.000000 0.970121 0.000000 0.242622 0.287421 0.287421 0.287421
5761.451172 0.000000 1254.831909 0.000000 0.723580 0.000000 0.690241 0.193819 0.193819 0.193819
"}
object={
	name="savanna_tree_generator_1_2"
	clamp_to_water_level=no
	render_under_water=no
	generated_content=yes
	layer="semidynamic"
	pdxmesh="tree_savanna_003_mesh"
	count=70
	transform="5690.544434 0.000000 1226.594971 0.000000 0.733377 0.000000 -0.679822 0.204852 0.204852 0.204852
5700.458496 0.000000 1240.637817 0.000000 0.928896 0.000000 -0.370340 0.202605 0.202605 0.202605
5670.230957 0.000000 1281.185303 0.000000 0.976902 0.000000 -0.213688 0.201505 0.201505 0.201505
5680.205566 0.000000 1299.114990 0.000000 0.980898 0.000000 -0.194524 0.201637 0.201637 0.201637
5689.384766 0.000000 1298.907959 0.000000 0.983264 0.000000 -0.182188 0.259143 0.259143 0.259143
5694.390625 0.000000 1298.416748 0.000000 0.981753 0.000000 -0.190159 0.282716 0.282716 0.282716
5754.807129 0.000000 1249.310791 0.000000 0.878517 0.000000 -0.477711 0.203668 0.203668 0.203668
5733.982422 0.000000 1292.918091 0.000000 0.785527 0.000000 -0.618827 0.205581 0.205581 0.205581
5743.722656 0.000000 1286.975952 0.000000 0.933391 0.000000 -0.358862 0.203299 0.203299 0.203299
5744.541992 0.000000 1265.241455 0.000000 0.991177 0.000000 -0.132542 0.212147 0.212147 0.212147
5740.662598 0.000000 1293.236450 0.000000 0.768690 0.000000 -0.639622 0.205458 0.205458 0.205458
5737.385742 0.000000 1275.574341 0.000000 0.999880 0.000000 -0.015477 0.200122 0.200122 0.200122
5741.943359 0.000000 1245.011230 0.000000 0.894185 0.000000 -0.447698 0.204114 0.204114 0.204114
5736.763184 0.000000 1257.778442 0.000000 0.999888 0.000000 -0.014971 0.209690 0.209690 0.209690
5698.552734 0.000000 1298.732422 0.000000 0.947804 0.000000 -0.318853 0.265586 0.265586 0.265586
5670.230957 0.000000 1337.669678 0.000000 0.937992 0.000000 -0.346656 0.202784 0.202784 0.202784
5688.065918 0.000000 1324.503174 0.000000 0.984280 0.000000 -0.176616 0.281198 0.281198 0.281198
5663.453613 0.000000 1315.870728 0.000000 0.777373 0.000000 -0.629040 0.204586 0.204586 0.204586
5681.272949 0.000000 1332.765503 0.000000 0.974322 0.000000 -0.225158 0.240067 0.240067 0.240067
5684.365234 0.000000 1338.406860 0.000000 0.946720 0.000000 -0.322058 0.202620 0.202620 0.202620
5682.789551 0.000000 1311.227905 0.000000 0.782655 0.000000 -0.622456 0.318536 0.318536 0.318536
5682.584961 0.000000 1327.034912 0.000000 0.970902 0.000000 -0.239478 0.297073 0.297073 0.297073
5693.658691 0.000000 1334.456421 0.000000 0.999841 0.000000 -0.017852 0.229956 0.229956 0.229956
5676.083496 0.000000 1319.201660 0.000000 0.999677 0.000000 -0.025402 0.245833 0.245833 0.245833
5685.994141 0.000000 1320.426758 0.000000 0.999068 0.000000 -0.043166 0.286892 0.286892 0.286892
5670.535645 0.000000 1328.648682 0.000000 0.965898 0.000000 -0.258922 0.206588 0.206588 0.206588
5691.211426 0.000000 1328.758789 0.000000 0.994340 0.000000 -0.106245 0.253015 0.253015 0.253015
5685.013672 0.000000 1333.786987 0.000000 0.959221 0.000000 -0.282657 0.248138 0.248138 0.248138
5690.385254 0.000000 1301.732666 0.000000 0.915261 0.000000 -0.402861 0.321918 0.321918 0.321918
5684.003906 0.000000 1302.468140 0.000000 0.832218 0.000000 -0.554449 0.286351 0.286351 0.286351
5684.014648 0.000000 1307.983887 0.000000 0.910013 0.000000 -0.414579 0.333659 0.333659 0.333659
5692.832520 0.000000 1331.462402 0.000000 0.835394 0.000000 -0.549651 0.257063 0.257063 0.257063
5693.032715 0.000000 1321.328735 0.000000 0.872348 0.000000 -0.488886 0.371678 0.371678 0.371678
5676.352051 0.000000 1316.401733 0.000000 0.972199 0.000000 -0.234156 0.240216 0.240216 0.240216
5688.639160 0.000000 1304.112915 0.000000 0.901480 0.000000 -0.432820 0.380380 0.380380 0.380380
5693.738281 0.000000 1327.389771 0.000000 0.754627 0.000000 -0.656155 0.259492 0.259492 0.259492
5688.346680 0.000000 1321.341553 0.000000 0.978874 0.000000 -0.204463 0.341113 0.341113 0.341113
5686.385254 0.000000 1303.049683 0.000000 0.883026 0.000000 -0.469324 0.315479 0.315479 0.315479
5682.709961 0.000000 1313.230469 0.000000 0.734876 0.000000 -0.678201 0.318089 0.318089 0.318089
5711.130859 0.000000 1338.512451 0.000000 0.999559 0.000000 -0.029698 0.224497 0.224497 0.224497
5736.832520 0.000000 1302.641724 0.000000 0.769597 0.000000 -0.638530 0.206570 0.206570 0.206570
5698.396484 0.000000 1301.002808 0.000000 0.992503 0.000000 -0.122221 0.300620 0.300620 0.300620
5698.500488 0.000000 1318.884644 0.000000 0.920198 0.000000 -0.391454 0.381983 0.381983 0.381983
5726.530273 0.000000 1322.600708 0.000000 0.842303 0.000000 -0.539005 0.205045 0.205045 0.205045
5740.062988 0.000000 1308.129761 0.000000 0.924901 0.000000 -0.380207 0.203311 0.203311 0.203311
5722.074219 0.000000 1329.657104 0.000000 0.723973 0.000000 -0.689828 0.211673 0.211673 0.211673
5741.943359 0.000000 1301.495605 0.000000 0.970949 0.000000 -0.239287 0.202262 0.202262 0.202262
5703.914551 0.000000 1300.977539 0.000000 0.979076 0.000000 -0.203493 0.256067 0.256067 0.256067
5722.364746 0.000000 1324.701904 0.000000 0.848989 0.000000 -0.528411 0.205212 0.205212 0.205212
5714.817383 0.000000 1329.584473 0.000000 0.924468 0.000000 -0.381259 0.221051 0.221051 0.221051
5750.173828 0.000000 1305.324829 0.000000 0.716672 0.000000 -0.697410 0.211780 0.211780 0.211780
5713.260254 0.000000 1325.597778 0.000000 0.976600 0.000000 -0.215063 0.220072 0.220072 0.220072
5696.163086 0.000000 1333.887207 0.000000 0.980799 0.000000 -0.195022 0.229103 0.229103 0.229103
5702.424805 0.000000 1319.500732 0.000000 0.933300 0.000000 -0.359097 0.325289 0.325289 0.325289
5702.724121 0.000000 1332.648071 0.000000 0.771224 0.000000 -0.636563 0.229759 0.229759 0.229759
5700.948730 0.000000 1299.255737 0.000000 0.975293 0.000000 -0.220915 0.245853 0.245853 0.245853
5708.526855 0.000000 1322.186401 0.000000 0.985092 0.000000 -0.172031 0.246154 0.246154 0.246154
5696.936035 0.000000 1321.750122 0.000000 0.918150 0.000000 -0.396233 0.363175 0.363175 0.363175
5696.042480 0.000000 1299.147949 0.000000 0.918998 0.000000 -0.394263 0.280750 0.280750 0.280750
5699.820801 0.000000 1312.946045 0.000000 0.861482 0.000000 -0.507788 0.437365 0.437365 0.437365
5696.090332 0.000000 1302.436279 0.000000 0.737411 0.000000 -0.675444 0.380777 0.380777 0.380777
5706.329590 0.000000 1323.845215 0.000000 0.898588 0.000000 -0.438793 0.263356 0.263356 0.263356
5704.173828 0.000000 1321.406982 0.000000 0.971643 0.000000 -0.236451 0.274436 0.274436 0.274436
5701.141602 0.000000 1324.646851 0.000000 0.953809 0.000000 -0.300414 0.272373 0.272373 0.272373
5700.756836 0.000000 1317.933838 0.000000 0.845346 0.000000 -0.534219 0.391374 0.391374 0.391374
5700.248535 0.000000 1320.440552 0.000000 0.952078 0.000000 -0.305855 0.320901 0.320901 0.320901
5702.028809 0.000000 1322.070190 0.000000 0.872297 0.000000 -0.488977 0.283253 0.283253 0.283253
5696.712402 0.000000 1317.361572 0.000000 0.804201 0.000000 -0.594358 0.442267 0.442267 0.442267
5698.199219 0.000000 1306.252930 0.000000 0.906733 0.000000 -0.421704 0.421187 0.421187 0.421187
5696.597656 0.000000 1319.607910 0.000000 0.908238 0.000000 -0.418453 0.404089 0.404089 0.404089
"}
object={
	name="savanna_tree_generator_1_3"
	clamp_to_water_level=no
	render_under_water=no
	generated_content=yes
	layer="semidynamic"
	pdxmesh="tree_savanna_004_mesh"
	count=60
	transform="5688.065918 0.000000 1268.018799 0.000000 0.521913 0.000000 -0.852999 0.206887 0.206887 0.206887
5695.487305 0.000000 1272.883911 0.000000 0.659995 0.000000 -0.751270 0.206048 0.206048 0.206048
5700.458496 0.000000 1297.122192 0.000000 0.275402 0.000000 -0.961329 0.219792 0.219792 0.219792
5708.978516 0.000000 1243.392212 0.000000 0.008636 0.000000 -0.999963 0.211505 0.211505 0.211505
5703.671387 0.000000 1267.512817 0.000000 0.650742 0.000000 -0.759299 0.206350 0.206350 0.206350
5745.272949 0.000000 1276.281128 0.000000 0.535531 0.000000 -0.844515 0.207532 0.207532 0.207532
5745.519043 0.000000 1248.985840 0.000000 0.579185 0.000000 -0.815196 0.207733 0.207733 0.207733
5757.292480 0.000000 1255.215210 0.000000 0.533559 0.000000 -0.845763 0.212881 0.212881 0.212881
5738.009766 0.000000 1297.592896 0.000000 0.170813 0.000000 -0.985303 0.212051 0.212051 0.212051
5751.531250 0.000000 1253.259888 0.000000 0.482140 0.000000 -0.876094 0.209996 0.209996 0.209996
5696.156738 0.000000 1297.556396 0.000000 0.440015 0.000000 -0.897990 0.248883 0.248883 0.248883
5660.793945 0.000000 1301.982422 0.000000 0.580541 0.000000 -0.814231 0.206769 0.206769 0.206769
5690.807129 0.000000 1305.795166 0.000000 0.451705 0.000000 -0.892168 0.443320 0.443320 0.443320
5650.127930 0.000000 1312.416626 0.000000 0.044948 0.000000 -0.998989 0.210476 0.210476 0.210476
5673.563477 0.000000 1325.631592 0.000000 0.544985 0.000000 -0.838446 0.241709 0.241709 0.241709
5687.638184 0.000000 1314.884033 0.000000 0.034893 0.000000 -0.999391 0.441989 0.441989 0.441989
5695.958008 0.000000 1320.039673 0.000000 0.209914 0.000000 -0.977720 0.415099 0.415099 0.415099
5680.541992 0.000000 1321.725830 0.000000 0.486450 0.000000 -0.873708 0.289325 0.289325 0.289325
5670.893555 0.000000 1318.588013 0.000000 0.689976 0.000000 -0.723833 0.212162 0.212162 0.212162
5688.550781 0.000000 1331.999756 0.000000 0.105140 0.000000 -0.994457 0.302850 0.302850 0.302850
5676.760254 0.000000 1337.645752 0.000000 0.289736 0.000000 -0.957106 0.211954 0.211954 0.211954
5673.385742 0.000000 1332.058716 0.000000 0.538796 0.000000 -0.842436 0.211517 0.211517 0.211517
5690.511719 0.000000 1319.650635 0.000000 0.593365 0.000000 -0.804934 0.429404 0.429404 0.429404
5677.434082 0.000000 1328.869873 0.000000 0.598825 0.000000 -0.800880 0.279533 0.279533 0.279533
5686.173828 0.000000 1305.324829 0.000000 0.353497 0.000000 -0.935436 0.377156 0.377156 0.377156
5694.270020 0.000000 1303.572021 0.000000 0.370617 0.000000 -0.928786 0.415083 0.415083 0.415083
5679.145508 0.000000 1317.288452 0.000000 0.009799 0.000000 -0.999952 0.267417 0.267417 0.267417
5690.028320 0.000000 1312.239258 0.000000 0.244087 0.000000 -0.969753 0.496204 0.496204 0.496204
5680.580566 0.000000 1329.581421 0.000000 0.646815 0.000000 -0.762647 0.305282 0.305282 0.305282
5673.967773 0.000000 1328.958496 0.000000 0.535821 0.000000 -0.844332 0.235212 0.235212 0.235212
5690.504395 0.000000 1322.899536 0.000000 0.145542 0.000000 -0.989352 0.363383 0.363383 0.363383
5685.519043 0.000000 1325.765991 0.000000 0.189331 0.000000 -0.981913 0.308328 0.308328 0.308328
5685.566895 0.000000 1311.602905 0.000000 0.628132 0.000000 -0.778107 0.376037 0.376037 0.376037
5694.582031 0.000000 1314.007690 0.000000 0.606496 0.000000 -0.795087 0.468382 0.468382 0.468382
5688.742188 0.000000 1329.034546 0.000000 0.158360 0.000000 -0.987382 0.297134 0.297134 0.297134
5693.251953 0.000000 1305.955200 0.000000 0.693487 0.000000 -0.720469 0.443905 0.443905 0.443905
5693.252441 0.000000 1309.567017 0.000000 0.247040 0.000000 -0.969005 0.500930 0.500930 0.500930
5691.815430 0.000000 1317.860474 0.000000 0.310411 0.000000 -0.950603 0.480220 0.480220 0.480220
5685.177734 0.000000 1309.661011 0.000000 0.579933 0.000000 -0.814664 0.368442 0.368442 0.368442
5694.970703 0.000000 1321.796631 0.000000 0.367122 0.000000 -0.930173 0.407445 0.407445 0.407445
5703.671387 0.000000 1323.997192 0.000000 0.239781 0.000000 -0.970827 0.302628 0.302628 0.302628
5727.453613 0.000000 1315.870728 0.000000 0.068857 0.000000 -0.997626 0.212561 0.212561 0.212561
5727.758301 0.000000 1329.300293 0.000000 0.414040 0.000000 -0.910259 0.215569 0.215569 0.215569
5745.519043 0.000000 1305.470215 0.000000 0.224078 0.000000 -0.974571 0.212254 0.212254 0.212254
5705.400879 0.000000 1315.259766 0.000000 0.604159 0.000000 -0.796863 0.334579 0.334579 0.334579
5718.478027 0.000000 1334.033936 0.000000 0.363835 0.000000 -0.931464 0.208976 0.208976 0.208976
5703.979980 0.000000 1341.275879 0.000000 0.291336 0.000000 -0.956621 0.210506 0.210506 0.210506
5705.203613 0.000000 1334.841431 0.000000 0.235517 0.000000 -0.971870 0.235393 0.235393 0.235393
5710.873047 0.000000 1307.187744 0.000000 0.526866 0.000000 -0.849948 0.208877 0.208877 0.208877
5705.063965 0.000000 1329.602661 0.000000 0.214054 0.000000 -0.976822 0.256786 0.256786 0.256786
5710.220703 0.000000 1316.221558 0.000000 0.120535 0.000000 -0.992709 0.214536 0.214536 0.214536
5707.786133 0.000000 1304.193604 0.000000 0.485476 0.000000 -0.874250 0.253526 0.253526 0.253526
5700.047852 0.000000 1307.490723 0.000000 0.052213 0.000000 -0.998636 0.437710 0.437710 0.437710
5701.464844 0.000000 1303.922607 0.000000 0.654813 0.000000 -0.755791 0.338020 0.338020 0.338020
5707.406250 0.000000 1332.211426 0.000000 0.367427 0.000000 -0.930052 0.243205 0.243205 0.243205
5698.356934 0.000000 1304.038818 0.000000 0.663440 0.000000 -0.748229 0.406992 0.406992 0.406992
5705.604492 0.000000 1326.594971 0.000000 0.214443 0.000000 -0.976736 0.268214 0.268214 0.268214
5702.070312 0.000000 1306.180542 0.000000 0.514322 0.000000 -0.857597 0.364222 0.364222 0.364222
5705.322266 0.000000 1318.108276 0.000000 0.170038 0.000000 -0.985438 0.317846 0.317846 0.317846
5697.654297 0.000000 1313.498779 0.000000 0.128306 0.000000 -0.991735 0.510171 0.510171 0.510171
"}
