mask_dynamic_farmland={
	checksum="756c5460cbc7c3bd3e07150c0cda4816"
	allowed_provinces={ 1 2 3 4 8 11 13 14 15 18 19 20 21 22 24 25 26 27 28 29 30 31 32 33 34 35 36 38 39 40 41 43 44 45 46 47 48 49 50 51 52 53 54 55 56 57 58 59 }
}
mask_dynamic_mining={
	checksum="2fe9e1c66b20fdc9137ed3bad93f9f83"
	allowed_provinces={ 1 2 3 4 8 11 14 15 18 19 20 21 22 24 25 29 30 31 32 33 34 35 36 39 40 41 43 44 45 46 47 48 49 50 51 53 54 55 56 57 58 59 }
}
mask_dynamic_forestry={
	checksum="139af373ac2a2918ed8e4c3667d1b843"
	allowed_provinces={ 1 2 3 4 8 11 13 14 15 18 19 20 21 22 24 25 26 27 28 29 30 31 32 33 34 35 36 38 39 40 41 43 44 45 46 47 48 49 50 51 52 54 55 56 57 58 59 }
}
